100 10000
100 2167 8860 3224 2198 2231 6809 3191 9058 1438 2865 2999 369 4428 4469 1541 8057 510 7964 5130 7462 4565 4036 4636 9932 4287 7772 5263 7922 6031 9365 1579 5776 7088 9711 6329 8408 7049 8564 4907 7959 1915 6119 5416 4028 275 2008 6883 1228 1351 344 694 5046 9443 1346 9679 3918 7453 759 8900 276 9504 6493 4786 5124 5166 7150 6935 9572 5996 482 8820 4022 854 3033 9289 116 7503 6870 7090 4317 7048 3570 6114 613 8711 4357 6181 6849 5167 7691 9139 9877 8667 9241 4487 9063 8373 9915 3944 3039
100 4191 7358 2451 6355 5233 857 333 4252 6978 5214 4788 7989 9234 2556 5506 1932 378 8519 8011 8947 88 6342 4673 463 6727 9074 1476 4017 2206 5256 5737 8234 4653 8157 8618 3472 7813 696 964 6995 2347 6943 5508 4485 5014 2364 2141 9704 7572 5605 5301 7561 9270 9156 7967 8869 4815 9458 7418 1542 1888 2123 9219 3401 9967 2423 5225 5485 3826 8456 448 2612 8150 9425 2311 7335 7946 5318 8940 9609 2140 5439 3482 1858 6188 9672 6864 644 7005 5944 7020 2018 3389 7329 8492 5117 9322 7271 4856 5235
100 813 2219 7420 6886 5152 8590 4427 7434 3415 3012 6669 9867 2418 7188 2022 828 6553 1308 1163 4810 907 743 1769 401 2282 8765 1674 163 9041 9559 9500 3893 1437 1770 9980 1106 1733 1245 6217 5039 2030 2802 5531 6700 6094 6843 6541 6487 3219 1214 1115 1618 2313 3149 639 6909 8174 7035 9780 2482 7394 8390 3984 2068 4192 8420 3327 6983 6961 5573 1033 9191 3073 6035 1936 8996 8379 4221 7530 757 559 9587 4131 2442 9634 7639 2134 8054 2568 3828 4278 8977 8511 9772 8494 2249 1714 6074 3332 394
100 9644 4282 9202 6718 3143 9082 9653 5687 1732 700 9085 3862 969 8152 3270 3752 8192 5746 3719 8772 1605 9940 3095 4854 3449 2450 4168 7963 3370 4480 8971 8260 3595 297 5828 7152 6371 4262 6022 1450 6634 3648 4183 1938 7391 1978 8984 8542 5349 6216 5600 2858 5302 4683 154 1451 3623 7356 9312 6012 5582 6735 379 228 7837 5958 9210 1725 8920 417 2700 2704 3330 6027 3253 1321 6602 466 5266 4104 3207 6930 9550 4985 8188 2433 1465 6082 4827 7468 3049 8623 5656 5157 5108 134 6635 712 5385 6120
100 8331 7657 8968 1630 7151 3231 4410 391 4926 8362 3278 762 3963 6964 3709 6652 2888 3755 9081 8442 6579 232 2004 1122 869 5970 6451 3010 9 9143 3737 2097 3753 2010 3469 354 3208 7268 1894 9147 5408 2764 7876 7413 289 9958 5440 2709 7973 4659 1937 6592 8643 3931 5609 9890 8918 2576 4564 7535 2996 8377 258 4124 8857 5735 5936 7387 3734 3571 1320 3188 9152 3212 2153 8696 7577 6328 7547 9966 2078 2589 1065 3660 8529 420 9434 8326 1887 7454 5271 8347 4207 7304 7740 8853 8609 9433 7216 1875
100 606 7642 8290 7948 5364 5213 3056 2638 8136 6261 932 585 3527 9040 751 4589 5391 8343 2798 2107 7782 7178 7476 3590 9159 7031 2184 3147 7105 8960 8171 1242 2301 3409 8787 7284 8104 3381 5565 6096 8147 591 7272 7615 8855 1357 6460 1508 1130 4352 6240 3614 2197 7140 7274 829 9274 389 5732 4904 7730 4306 198 8425 9884 8410 5494 9829 4160 1882 3265 3843 6273 7519 7003 3716 9557 5115 2964 6539 8862 1282 6106 1028 6387 9043 6220 5904 9669 5889 54 2792 9233 6279 5743 500 7986 2640 5710 3235
100 6376 4917 9475 4632 5443 9962 9089 2330 3715 909 3803 7774 4952 3555 9444 861 8422 6008 9629 185 4983 4134 6365 4027 5534 8752 4901 470 447 8657 567 8344 9815 5645 3708 8791 6151 6150 1653 5476 8405 249 8735 7172 8714 2486 4616 1363 2791 8721 7984 3248 5839 9130 6499 4722 2872 4846 2565 8646 8627 3796 927 3353 4801 3254 6581 3481 3260 4072 7655 2950 8368 2540 8957 1708 6312 8444 4356 2880 5164 8645 8240 3385 7383 6523 9028 9496 5567 1051 1710 6812 1196 7727 9265 2707 72 9597 3635 224
100 5864 6285 9911 9992 6378 7429 5136 3210 5339 1647 8991 2777 3329 309 4834 8868 9874 299 124 8012 1991 756 6482 1116 2098 8142 2163 5394 6528 5943 3238 5801 7488 9999 7602 8056 4590 1535 9606 7219 6550 9899 8961 6435 1213 1198 3692 5775 1301 5009 9556 2016 4354 9960 2019 9738 2980 6757 8782 4635 241 4019 4670 6866 6919 1316 1917 2939 8681 8578 8712 485 9616 5025 4023 1345 6251 4055 4008 951 2558 7491 6014 9547 373 8185 7056 6475 2362 5688 1373 4511 7645 2750 3626 3261 6854 5886 6426 4897
100 4464 9329 5728 8829 6107 5322 7812 9955 558 4869 3301 8824 1766 7789 4535 6143 7143 2209 3768 2864 7012 8398 4742 5774 3798 8008 127 4751 3523 1135 6291 4011 4576 2255 9099 3480 9001 7739 2385 6604 4760 2596 7084 1188 8841 1491 3081 4782 9138 7669 8286 5223 6409 5018 3873 709 3148 8336 7492 3131 9008 2629 5847 7449 4954 9002 9897 7731 902 2867 9713 6213 7441 3044 6770 6530 1387 3808 2157 2560 6926 1764 5382 5092 836 4774 5908 3069 5151 8763 6375 8318 7360 8378 3825 94 1259 6688 7064 4808
100 1561 1375 9075 1096 5395 445 873 9655 2713 5004 9838 9554 524 9031 8774 5019 7556 8946 8499 9875 1979 5548 180 8846 5621 7776 915 6645 6263 3324 5549 3172 1723 220 5132 4093 4704 7718 1592 9538 4236 9674 6256 2276 1141 7197 4436 9508 4116 7710 7726 8395 4006 508 4247 3050 7676 5739 7425 1162 2614 2294 6386 4840 3739 543 8039 3383 5300 3366 9885 4685 8730 1515 8767 9446 6135 4029 5160 2921 7189 3889 8258 3607 755 4089 9745 1645 5216 821 4446 7976 551 7696 8710 365 2154 2480 5631 7631
100 8202 3202 5554 3872 9948 7821 6873 4468 5794 77 4747 4500 2925 1975 6712 1411 2691 4039 1154 6576 2080 1722 5230 9900 5342 5023 2307 7101 6128 6412 7190 8720 3365 3376 146 944 1429 3746 3519 1235 5543 2174 7007 6294 9355 310 5411 183 8531 5355 1643 9851 9907 8622 8715 911 8400 6639 1620 4335 4642 2650 5814 2800 718 6118 6000 3124 8597 4318 7725 5099 4614 4156 3951 4830 8235 2705 9390 8488 4577 7917 6485 6434 8200 8576 8250 8204 2268 3487 6196 7769 6431 7594 9949 975 9695 832 7244 542
100 8611 2180 9601 114 8285 1914 2470 7506 2652 5511 5066 5977 4585 2634 141 919 6760 8598 6982 4498 6573 4301 8024 318 7305 9825 3360 8532 3400 2335 2741 8068 6159 5692 8778 170 8744 8775 2208 2789 4874 9049 8506 434 5169 7543 1581 7161 380 6685 55 2507 5102 7021 5703 7278 4547 2834 518 441 2527 2969 1172 780 1636 2336 545 4650 4674 9453 8429 9922 856 2566 7574 3848 9743 7737 9246 5634 7176 9654 5957 7482 8804 4528 8872 3704 6749 4894 950 9913 5383 9709 5592 2643 6060 152 8722 5334
100 1706 5496 1898 7354 1844 1358 942 3589 1961 7994 9775 1404 6461 8930 113 2651 8222 3408 1601 8888 8433 240 6063 7117 1692 7175 8731 7895 9192 7331 6423 2505 7571 7240 8864 3925 493 3133 4311 423 3463 5933 4889 3903 9887 9076 2040 8592 6116 3989 517 6548 6686 5453 221 1507 3835 776 9015 8823 422 5441 9377 8849 1807 663 5826 6173 4958 7555 3605 7798 5963 7687 1580 4765 435 4326 329 484 672 8437 1506 2487 6465 7564 9194 2682 6554 7924 349 9513 7093 2719 922 8304 7239 4234 7980 9302
100 8273 4351 7067 6359 548 2380 1582 7885 7920 1681 4991 5859 4402 6515 2504 3115 6807 7693 3497 3750 2383 1724 7677 5659 3775 3974 4434 2532 7596 2678 8528 6642 6823 4486 2544 1550 6903 2591 6372 1333 8306 413 3394 9919 5696 8676 5400 9823 348 5477 3636 1057 5085 1240 852 7107 864 3252 1712 1131 5207 5947 998 9080 4622 3723 6813 3041 1177 9460 6750 6353 119 256 581 3368 9726 7366 549 5876 4757 4007 7126 8355 23 1600 2468 3900 6149 5106 314 6927 8375 1483 5586 1944 4026 8353 2350 910
100 4005 5483 5407 2985 574 4519 6270 9229 7338 4153 7957 2053 4409 7722 2632 1568 4696 7026 520 5315 9613 5206 3271 8023 164 4025 1174 92 1521 8937 8807 6418 8178 7072 8249 798 5170 6659 9551 5861 1908 1551 1109 2342 8238 9142 9928 9332 8198 9573 7666 1461 4375 1435 5676 4003 862 2443 202 9690 1699 8510 5932 8837 604 960 3181 703 1606 992 2770 2340 2221 1179 7914 931 6280 9113 1055 674 9747 2917 8394 6103 7954 2278 2096 3274 6535 9562 120 6454 2063 7607 9622 118 515 618 3199 8740
100 6293 8324 7947 8221 8207 9759 430 4813 7330 2147 9924 243 4531 7628 4224 32 4711 9213 7565 8655 5452 6626 9245 1383 3215 6850 1431 8583 2193 2003 7153 1081 9381 9353 2703 229 2435 9541 9667 1558 987 7857 8028 7068 8899 9429 9619 713 1248 5237 4322 4832 7881 7125 6780 6259 3345 156 5140 4426 1871 9893 1795 9403 4950 9374 2659 4013 7385 437 8017 3493 5849 540 8191 6474 5148 580 6986 3057 5677 78 9677 1865 7856 6439 392 2578 521 8876 9842 1668 3664 6944 8723 9702 1200 4539 9837 4557
100 4034 7368 7617 6801 4837 171 4299 292 5617 8552 1989 1729 4076 3447 2987 1624 6856 3454 2639 3110 716 6924 1967 7913 9627 4793 5674 8612 7711 4387 9162 1144 8206 8577 9783 7486 3183 5116 9305 3735 5171 6092 8781 7930 7269 583 5110 5520 7699 5001 6388 4733 17 2001 8770 2923 8776 3698 196 5060 1820 9086 9798 3077 687 2113 6517 4730 6990 2084 2295 5566 9809 4761 3107 5127 8682 1405 8107 4618 8811 4448 9680 1040 5771 1715 2571 1564 2258 6369 1020 4518 5898 4516 5630 1309 8965 6613 7183 7259
100 9308 1664 7865 825 9344 6582 1516 4261 4845 7162 2250 51 4038 8630 5131 6725 914 1120 8072 1726 6239 2204 9090 5288 6047 6147 3645 8563 2007 3593 4640 2622 7352 6098 2897 8848 7790 2786 5522 1368 1349 3577 2711 7763 4114 8895 3528 8727 6215 1140 8748 7112 9395 4316 4204 1641 4217 9104 2598 4271 3560 236 5195 2755 1111 9223 3129 6670 2228 4152 5348 6295 723 2801 2494 7047 9093 9212 8337 2772 4330 8624 5365 9273 6834 6754 2272 267 8958 2168 9181 2189 2743 9092 4041 384 6424 2924 863 2472
100 7281 8470 2211 3002 1047 9883 117 4584 1590 3047 5930 7609 8115 4931 5380 3935 63 2175 5654 4215 9345 7169 8445 3157 3349 8006 4876 4151 7440 7801 9855 3663 2002 1716 8479 3492 9540 7941 9239 2361 2512 3037 6401 533 9934 889 995 3667 9707 6660 8307 9319 9560 1983 3738 6076 1165 1094 1587 9857 8509 3866 4769 7237 4988 3445 1773 2485 2492 893 736 9249 6331 2832 1588 8086 1661 3976 1982 5260 6860 7289 1987 7567 5988 1473 5938 8756 1044 3457 6992 7480 7407 7581 4729 3683 5308 4263 7585 2248
100 4170 7982 8042 2036 7700 6593 225 1963 6575 3240 5286 2178 2365 2280 704 2502 7317 9826 4009 605 2951 387 3751 5479 2623 5012 624 2459 8084 9066 9102 1314 1292 8339 3239 3117 5467 5832 6810 4563 537 8501 3864 7863 8170 8821 6511 2356 7757 7321 826 5240 9297 7187 4231 883 3259 6432 6344 1966 7017 5219 5765 3171 9272 3054 2176 3807 1334 3197 6283 3852 1996 1389 1904 8220 888 5162 6916 2270 4858 4125 4388 9327 4503 1509 7496 7521 2928 1448 4883 6244 1008 6198 753 7344 2535 8950 6033 887
100 594 8073 1175 8617 9594 8201 7591 169 4414 4212 8541 4250 2279 710 4712 2593 4208 8934 8751 44 5806 8176 2210 3680 8232 3042 6791 6561 6133 472 4237 2138 681 562 6998 3014 7384 284 2817 6023 7154 1595 6436 2085 4404 9666 2394 9013 778 2009 988 8813 2763 9461 3745 6785 1132 1895 1825 5514 2608 9428 8568 1698 9777 3001 748 187 1623 807 6300 8308 1784 2977 1617 3339 5720 6393 3827 6970 5445 7389 9773 3128 6726 5174 160 595 5388 2676 544 8929 4157 7656 3575 385 593 3168 9727 7110
100 9659 2716 9493 3359 5047 2579 5733 1402 1315 1864 1736 2275 3710 5356 7736 2695 5727 7697 8517 142 1857 8819 5755 9770 7122 2245 5500 3983 7179 598 6808 1223 2338 1859 6425 1689 516 9942 5759 6346 8769 8303 8589 5314 6720 752 908 4203 3780 5297 2972 793 3074 7835 6690 1971 4057 6003 707 1185 3384 2966 5264 454 7830 6374 731 3097 150 5486 5694 4581 322 9402 3386 5926 90 2360 8725 4342 9026 2126 5615 9055 1547 6288 651 217 6837 877 771 6166 1500 8197 7970 1536 2689 8309 943 8919
100 7606 8184 7364 5003 9012 3375 446 1030 6788 179 5153 3657 1683 5067 1252 9310 1923 5290 4334 8964 8666 8114 2114 8649 3810 9281 251 4140 6457 9011 6623 6360 4692 1973 7043 6125 8582 6510 9264 5627 9488 7253 4727 3067 9869 7802 4180 7036 3442 5516 9167 9537 8110 8902 9870 9368 8144 3678 7129 1945 6888 5999 4060 7135 4415 8490 3310 8361 9814 24 4652 3448 7287 6956 9591 5855 7754 5580 8897 6398 1567 2375 6753 3619 6066 4246 4138 5459 5552 5585 5089 254 5962 506 4470 9628 5686 8798 5729 7887
100 6761 9534 9974 1927 1392 1092 8128 9343 5807 4412 1000 2833 215 2064 4437 2319 5252 5779 7560 8129 1570 6437 1776 1690 4664 4122 1237 7569 9576 690 1512 1447 4320 7858 3564 2229 2463 5284 6246 7949 6783 456 3697 5973 8063 172 2252 7644 7797 2509 3284 3185 5142 4959 123 3062 2434 5954 7339 7627 4197 1064 7168 994 6952 2989 1759 6057 3088 980 4424 7044 3748 3298 1281 432 2749 6175 7421 1102 4244 4555 7155 358 316 5927 4113 9604 1060 1799 9278 876 9575 1534 3863 9761 9252 972 9804 4079
100 9769 3458 3358 48 6792 8064 5317 4921 140 6207 7549 4987 9133 368 8503 7463 2024 997 5858 912 7004 7888 5013 4407 3484 130 3686 3494 9354 4963 5360 8909 3562 8254 3187 7905 2214 3334 3015 6145 6781 9375 7588 9892 1434 797 6740 3608 6391 1822 8706 3897 2664 3711 8083 5560 9789 8626 6898 9799 9455 8037 6254 8424 3470 5992 6885 4932 2491 7230 6912 4158 16 9057 1157 1258 9703 9189 5084 7809 4749 4918 4338 8962 6900 1596 8764 7158 9214 1464 4099 73 1576 865 139 3275 6201 8466 9435 9589
100 2315 6476 9034 5101 938 2083 1069 103 4814 4520 1545 9484 4400 7051 4646 9776 3792 5749 5324 8673 4452 6768 6404 1134 1460 1477 981 1918 3953 3890 6526 4602 4750 6771 3817 600 1922 715 3544 111 2665 7471 8209 95 79 3754 7528 2915 8938 7799 9169 8491 5598 6178 9584 6325 2662 8048 324 2456 5929 334 2060 4112 5193 3186 2251 2127 7165 1586 6052 6422 3103 5535 2391 4677 9110 2523 2075 105 3794 4615 1986 4273 7850 2758 1337 3977 6158 7149 1760 4324 370 6633 7680 5798 5862 1977 5447 9182
100 5488 4879 7010 4955 733 4562 5888 6852 4817 5261 1709 5640 5924 940 9292 737 6050 4919 9746 1362 1151 8569 708 8159 4601 6037 8292 2493 3483 5786 3539 7940 4851 3822 9039 7477 4540 1354 7823 7349 4741 3025 4136 2055 2668 4048 3364 4164 8360 8233 5561 8166 2724 6507 4154 8216 1556 6115 7251 7484 2859 6697 2222 5637 9944 1005 8163 1388 2125 8907 4544 956 7300 5851 4328 5763 5673 2092 4202 4977 6775 7603 5221 8241 1210 7069 8951 4573 4744 5762 9422 205 98 7186 7712 1929 4914 660 2844 9708
100 3101 2090 410 851 3399 1128 9578 8335 7030 1230 5562 6897 3374 9760 6053 2074 4816 9950 3507 1121 4807 3870 5751 4702 6691 7431 2 3098 1480 3273 8832 7180 7545 5651 8469 9187 8753 8430 1398 3606 3169 697 3020 4620 7525 2474 2646 936 9979 8997 6696 9259 4182 6673 3592 7371 2192 9328 2581 7254 3659 4868 9007 2095 2537 7018 2484 9788 6871 9526 2768 6668 6301 2025 3947 9155 2949 1846 9206 1634 5100 7192 9269 3017 4909 3200 6373 3594 7466 8755 7608 7299 8986 4826 4974 8575 1658 6671 8980 8554
100 5877 3293 9583 2875 2615 7875 9288 1378 6558 2172 7975 2337 4656 1585 4253 8892 3080 9311 7077 9490 3362 9334 9280 2288 1322 1880 5064 280 1139 2694 9739 6154 670 5769 1554 6828 1191 4417 9201 1549 5872 3291 2156 7768 6703 4344 9660 8605 3661 7981 6292 6591 6787 6361 9463 7864 5750 5576 4063 9307 6032 691 8050 1056 1538 3801 2476 6731 4012 3467 4956 4545 7228 5845 6819 7511 7286 724 4975 3994 9323 719 706 1054 3150 8298 158 5607 9172 7713 7205 2954 6981 2070 6755 6351 9331 904 1711 1869
100 6025 3952 1204 4538 3543 5361 2041 5974 7647 4796 6140 3089 7279 167 2052 8898 7648 5697 9939 9509 3760 9673 3262 1662 1329 6156 1181 4939 4219 6113 4824 5427 747 2744 2396 7777 9046 6624 7806 5841 2899 4462 9304 5196 7908 2606 529 7541 1123 8537 1303 1422 3443 2469 2912 1584 5997 4118 7160 2437 1826 4341 8660 96 6226 7650 7792 3437 2042 1896 6568 4190 2285 6440 7899 2542 2102 8701 2751 2876 3405 4666 3290 6446 6377 596 1080 673 3901 6513 3541 4325 9347 9170 6608 6438 149 2958 2805 3220
100 7846 830 8123 1009 6174 4042 1439 7766 4368 1911 764 4667 7629 7166 8317 6816 1899 770 2779 5665 4971 1152 6318 10 5594 9762 5135 6529 2529 7147 2871 1834 7553 1079 8407 4962 1755 9227 5584 2066 7193 9243 5299 177 693 2292 4359 1671 1646 8412 9135 153 2990 4680 8315 9873 4362 3551 7323 6354 7406 527 7011 5968 5545 5027 7332 1677 6441 9763 480 9758 4610 9923 7478 6540 4870 2769 8777 1377 552 4129 4546 8613 3673 6202 3121 5900 6411 9945 3431 3479 4444 5178 2215 6789 5550 7316 4233 6698
100 214 5803 9474 1848 5017 1432 8805 1244 2737 5719 4857 7379 3159 7910 3205 7623 8245 8553 4849 6728 3372 2048 2934 3160 4978 786 5986 7499 4927 9053 47 424 9120 6452 2054 9392 4239 1023 2804 3346 5691 6415 1293 7513 7552 5091 4829 1809 9361 1578 5559 9472 3352 9925 7127 5120 262 4475 3995 3910 4346 3987 8733 2369 7803 395 5704 2624 1972 7089 137 5541 1502 6265 2226 6203 8815 313 9989 6829 7445 5642 1738 7934 1180 5194 8742 50 8244 4759 9203 7410 2687 5523 5149 6913 100 6248 6253 8021
100 6996 6026 5255 2575 634 7235 8363 532 2733 3173 4035 4032 2230 684 8158 7923 6586 8093 1573 4690 6786 5813 2118 1183 2465 2150 2317 2975 1126 882 9671 2261 1862 3410 4447 7548 6492 6501 5338 2559 6742 9232 115 9608 122 1957 3789 3603 8610 3885 5984 666 9630 7058 8659 7408 6805 8648 7104 7658 7000 4172 7995 7630 5121 3850 5985 8705 3032 3280 6333 2170 3762 523 2539 973 7667 9277 8472 7663 3980 2160 2329 7498 4714 4672 4284 4912 6232 1280 6921 6650 5079 2870 8847 8167 996 8734 3009 4254
100 7685 9079 8835 6469 7433 8047 7502 8231 6161 3439 9861 7871 4724 4951 3213 4655 6723 982 4929 6714 2495 4315 7522 6955 812 5611 3695 7195 7423 3499 9862 872 10000 9465 3666 327 9250 8570 5165 7181 7649 6160 1376 3960 7280 4052 7708 1263 6938 1574 640 6129 5097 9912 3055 9349 5679 569 5038 1421 2159 3641 767 4738 3491 4583 5885 5844 59 925 6595 182 4078 3407 283 3424 9943 6612 7641 6405 3165 7377 7500 3504 9802 5057 6545 7891 4844 7046 5730 3348 1598 8226 1920 602 7791 2353 8074 8933
100 4558 4599 3513 5681 4550 1707 4463 714 4758 817 9144 8002 3782 3396 364 4267 8640 3013 547 667 5422 2553 5442 5639 6796 7479 9228 8814 9512 7570 9431 3725 1730 6319 4898 8203 4604 3456 3761 1015 4291 4173 2072 676 4701 2306 3777 75 7444 8675 8452 1503 1482 9451 8415 3079 1831 5504 879 8560 9116 8387 9022 237 9338 8009 686 7748 3764 8889 9441 9196 7826 498 191 7475 648 6702 4360 6946 7955 9689 2236 9701 5948 5854 9326 4981 2413 3857 9217 5881 3882 8402 8741 6632 8650 2137 4619 9756
100 668 3092 5952 3554 2684 9134 4349 5815 7758 2239 7276 339 4713 4413 8967 3216 4842 8294 4718 4530 5070 2599 15 1627 3576 5068 7236 1428 1484 1397 1457 5931 3446 5287 5203 892 6976 6061 9454 3888 5280 6815 2843 5742 1700 1386 8352 1241 5021 8183 962 3629 8108 3416 921 7744 6962 4928 9432 6675 7095 5590 4127 1970 6790 2649 2430 7365 1563 1298 6323 6546 2458 3422 7075 3007 5015 8838 7796 4700 4860 2299 3904 5513 4071 7767 8724 1161 1501 5682 4292 4033 9279 7336 3126 9419 3061 7182 273 495
100 6649 8867 2757 1475 476 8945 7400 2976 853 3250 8522 7568 8135 4790 8075 896 3393 7778 8702 112 891 7724 3968 6068 5043 7241 7756 8416 6350 4819 1907 814 4455 8708 8786 7123 4628 9718 3917 7896 1604 1774 7646 6994 8102 5865 4605 1262 5497 4280 5768 9173 3023 6210 8277 2262 5253 1311 5540 1403 1401 3662 343 4756 9965 8779 4139 3257 7 2412 5603 8803 6580 3549 5455 1522 1456 9811 1417 8604 5756 3116 6184 296 1474 2552 4648 575 8112 1001 8031 2341 9691 7388 3263 5036 2185 2088 9157 499
100 2883 4384 2931 4797 8795 2422 7231 7720 9220 6547 2382 8697 3151 8224 4185 735 7285 8880 7832 9986 564 7341 9036 9437 2513 4754 8450 2020 1217 2071 4960 9399 4229 6230 1147 7928 1071 1356 9968 8269 8293 2674 4477 576 9975 6647 1093 3452 3066 9525 4222 7061 2191 9714 1611 3489 7576 8500 8679 6262 3114 1669 5976 7682 1650 7080 2808 2681 777 3321 1216 9878 7505 2881 6695 2944 131 6358 4925 1939 5616 1999 6776 9621 7510 8885 7933 8911 9632 1091 5509 9450 7554 9136 5310 1687 8535 8905 7701 7925
100 6710 4734 5055 8891 4508 8369 1485 3795 8035 8963 4800 7894 3728 4259 4645 513 7397 7263 6862 6715 194 6368 9716 772 7707 444 8694 6117 6009 2981 3596 473 4775 3849 7348 5390 42 301 6974 1686 5675 4705 5536 2984 2384 2715 4403 7882 1418 2886 3333 7936 1274 2842 2379 2029 2497 295 7611 6874 2496 3871 3774 7238 7455 6144 8754 3022 5363 6011 9757 7045 7083 8079 4637 8310 5451 9894 9096 3703 9863 1758 6046 9650 7261 6694 5078 4678 7633 398 5446 1762 5345 9107 4504 8122 8215 1818 9963 81
100 8588 2863 7156 4304 1002 3643 9531 5620 3851 2807 2812 1533 2173 2814 2363 1531 4054 135 99 3198 8058 27 2692 1889 4720 3978 3351 7509 6950 8097 2672 9678 6138 2522 8040 5602 9656 6225 8484 3413 3756 1265 6538 7222 6509 3510 7703 9542 8044 6348 4293 3965 1039 9014 7747 22 8078 9953 7459 5080 9418 6349 8713 4255 6542 8018 6865 9004 1633 8665 6495 7979 3693 1790 1189 7613 1819 5146 8132 4450 5883 7469 2697 6252 7232 1741 2122 1926 7759 382 9937 2139 6549 6859 1912 8631 2390 6999 3406 3939
100 4394 3713 6896 1652 8253 7523 1010 3573 970 8401 82 1839 3388 3475 5163 6570 4146 8325 947 8321 9700 8863 6747 6536 7987 7034 6077 8032 7843 3720 1117 5955 4249 144 3084 3391 3781 3975 9226 9555 9647 6243 8516 129 9376 6123 677 3423 870 1697 3026 2900 9369 1360 2918 9721 6167 1205 2574 5011 345 107 4710 6218 4791 2401 1059 3421 948 8639 7327 1278 7807 8172 6588 9184 8866 3341 699 6682 6420 2448 9764 6840 3681 2069 7714 84 2473 291 4688 1684 6520 6102 3886 1833 6610 9037 9185 6763
100 7108 143 1101 8270 3982 340 1810 5478 9254 3075 5555 4795 6134 5143 8966 5848 933 89 351 7939 3676 9859 9956 2050 2922 1559 2782 6088 1372 4903 7745 2322 28 858 7191 1445 4130 2663 6933 3618 2111 9448 2562 7209 181 5227 2811 7215 4877 9670 3122 3521 787 2616 7054 4381 5434 5850 4588 6384 570 7889 5990 7071 8497 6630 9215 5471 9056 7827 1082 8540 8619 1691 1849 4276 208 9782 8051 7401 7587 3936 7723 1414 6020 2129 1851 614 4888 5700 2081 1984 2583 3021 8834 3209 1266 2267 1504 6739
100 8358 6505 6421 7598 2903 5005 4682 8762 383 701 6043 2303 2894 4358 1493 4948 1016 9356 5125 5262 788 6980 8289 5524 6939 4223 8106 9835 7438 5231 8194 2028 1119 2901 1412 4096 4574 847 9637 3916 303 6730 5330 7872 4866 3000 5919 1269 1323 9408 6882 9719 8545 6049 4061 4525 1075 7760 4398 4145 8391 5397 4836 7430 4551 1678 6887 2752 1519 6006 9836 3966 898 3665 2181 9998 2551 8382 2940 4251 4198 7202 5528 8300 5224 6367 4097 7262 5987 9797 5053 5939 9833 8642 1680 4532 2654 355 9617 3373
100 1845 5217 8082 9805 5359 6227 5810 426 1166 4935 9929 2244 7106 7704 601 4864 1750 1138 2296 2056 8117 3038 9405 9569 3245 2411 3427 3763 1803 8559 109 6019 4675 3518 3534 9242 4102 3740 8196 9964 5789 1571 8458 6648 9161 2973 840 5800 5879 5470 87 1557 5020 5959 7283 7450 9258 2479 2253 7679 7019 238 1443 1107 8440 4389 2827 2441 531 4806 6041 1495 4283 6665 4537 5332 6494 7825 8259 7817 7870 1749 2516 1246 5436 3860 1050 2351 4627 1133 4478 265 8153 4030 4766 4885 5187 6552 8745 5113
100 20 3140 9882 9296 6895 8550 8922 5098 1306 2795 3610 5128 1840 6564 2243 654 7578 9256 6080 288 40 8457 7473 8030 6937 8005 9590 5626 5797 7174 8625 1343 729 9384 6282 4419 1471 4474 3108 8749 5333 5891 6958 2225 3144 3993 1025 2896 8699 5028 8080 4715 1225 9197 978 1150 5587 7626 926 3601 9574 2263 5410 5386 6297 1640 4762 4699 1250 953 6948 2478 3064 8693 302 7493 3167 3303 1336 5564 8460 7794 6818 816 9132 8700 895 5964 9294 2526 2766 5181 5211 403 9901 9985 4155 7320 1084 4411
100 7566 5960 7992 7518 3288 5923 9193 6798 9477 3363 3508 5087 2033 3473 8467 7788 7848 2124 7157 9024 2645 6641 4681 1946 3690 924 5805 155 6777 4107 7849 8794 8029 2266 6744 5761 5200 3598 7351 2586 985 784 6891 5050 3869 3627 281 6182 9536 8810 779 366 7227 5834 722 6171 894 2988 7532 6010 2368 8663 7199 4187 3909 5629 8 5435 7311 9211 2290 5907 6614 8426 7002 9351 9539 9930 4777 5094 1622 3656 2815 3139 1655 6343 5147 1006 298 2855 566 3211 1045 5 9566 8836 6687 9485 304 5819
100 9298 1211 1960 4651 4902 8388 3234 3526 1331 7013 7001 6471 7836 5738 966 2905 9358 7692 4339 7953 3928 1052 692 8397 9921 2889 572 2661 4126 222 6559 9935 1817 7539 8520 5393 2525 561 9549 6383 2625 9603 1136 2117 1382 1940 4323 6971 7273 2657 2667 9108 824 9988 3052 682 8875 6722 2721 9480 5636 2796 2601 6676 7919 8162 9106 2885 4258 8825 5474 3297 5785 9413 3949 4123 6016 5782 450 2730 7337 5307 5793 8229 9306 9765 5896 4913 7265 357 8145 3896 1543 8348 5894 530 8691 7664 1931 5199
100 8384 6255 9052 7558 7082 6719 3283 399 7412 2031 833 1566 3453 7765 6091 6681 9856 3136 274 621 257 9171 2440 3046 2455 5421 7686 9199 9486 9524 3784 4492 2151 1452 5190 5838 3906 9694 2557 5792 6800 6327 6467 6560 9325 8970 3498 867 3550 7815 8851 7833 6967 976 1754 1788 9141 7951 7489 3411 2549 6942 7592 4723 3615 2051 6048 8987 3180 8312 8651 6221 2427 1959 2177 5760 1290 9778 1924 1797 165 3940 2477 8219 8784 557 3832 453 3326 5448 8921 3876 4162 2377 4227 6379 396 1423 3435 818
100 9751 8255 6928 5529 2323 1046 7245 7795 2600 1178 5016 204 6065 1436 5351 8633 8525 5982 4873 9810 6496 9128 5942 5376 6931 4647 7374 3884 9879 1925 7282 8461 794 438 226 9010 5527 9378 4812 6 2837 9864 4305 3638 8137 6806 9103 5387 573 9895 2289 9091 3651 6389 8149 1656 8049 8195 5430 9097 9094 4521 2607 3536 5044 2841 2164 2145 5705 8295 7690 71 5588 6658 5595 612 5303 2554 4587 353 415 6034 806 4150 9109 952 7751 3684 3531 452 3142 2371 4497 6056 5346 5209 4524 210 2005 9774
100 7634 9752 2517 2673 7674 7960 1675 3178 4121 6756 5857 2416 3464 5572 1361 8925 1906 4893 1310 7775 1884 5357 6310 6557 2015 645 4663 6569 2101 6214 4992 1459 9598 3289 7201 8856 3997 1719 8916 9681 2778 1638 4848 4143 8443 6385 8477 1113 4559 7706 2895 4783 9614 4062 2006 5910 4597 5030 5341 1854 4285 3771 9009 5856 3076 6607 2483 5189 3731 270 5753 6833 6085 4439 6889 5281 2546 8214 3749 9676 235 6636 7517 11 4841 6869 4863 1492 2057 6794 5871 8852 9462 2584 1589 1735 5546 4141 1801 868
100 5156 239 1066 3176 2735 3218 5278 6960 3836 9072 3637 9410 6934 2968 989 6224 1224 3060 9906 363 5114 7333 1612 1160 5277 607 7735 4507 3258 3622 7559 3195 5683 2373 3455 2515 9917 8154 8193 4999 1828 3846 3674 6881 9717 5852 6222 1827 1359 1909 8581 2331 2142 7816 3831 8302 7173 5010 5042 3465 1077 7252 6269 9568 4592 419 5403 8354 8717 6099 5647 9865 405 8131 3941 7618 6563 9059 388 3225 1341 9038 2699 1505 7675 1455 5158 3620 6278 1676 4471 7266 1013 8299 3361 6481 4541 3217 2959 5075
100 6069 263 9476 7537 8077 323 3028 412 8662 5218 1271 2698 9816 3587 4458 6176 7985 2866 1184 2874 4818 2767 3138 6189 371 1344 8121 9284 1098 7897 3814 846 4778 1885 7318 8296 9386 8103 9651 6940 1370 7880 5179 1384 4643 7717 1207 9796 1302 6629 404 4329 1319 7435 3934 1805 2946 7551 6445 4343 2947 2594 9209 8272 8448 8036 5906 4295 8252 2882 1194 7246 9779 4473 2501 9585 359 4543 52 8594 7204 2445 3772 1879 8931 590 1934 1413 4965 4764 4081 1756 6296 4779 8840 4784 1017 8211 8758 9051
100 4838 6851 175 6746 5481 1275 8572 132 5975 8915 7854 7059 7600 9558 5033 1625 4513 4833 4660 3395 4719 2429 5925 7120 6126 6309 475 3991 2754 3500 6880 1695 8994 8923 7050 5698 8688 6004 7903 8704 3314 1218 4514 3008 4109 2220 4377 2760 7665 5426 5182 7988 2932 8523 2636 3369 2058 1950 1444 5433 3650 121 7040 61 6416 4984 5081 3082 5946 2669 9790 6064 4210 461 2573 9850 3132 1018 487 649 2324 7081 3855 4859 7229 5678 7116 8333 4617 4966 4001 6884 6707 4211 3156 588 5882 6764 5107 269
100 9204 2190 2424 5842 9387 5316 1802 4523 6289 9420 3926 4303 5632 2132 815 2595 3502 1231 3726 8287 6190 4218 8789 4946 8599 9401 1948 3938 1390 3979 5423 8995 5134 3163 3311 7673 8130 2849 1727 1883 1649 6654 6551 2499 1942 3306 1425 1954 4923 659 5331 809 2898 6352 3194 4166 6299 8327 2457 9561 7840 8351 2510 7742 6229 7808 1994 2318 9483 9720 9479 9489 5306 9821 2196 3006 9652 8423 8359 4066 9715 8692 7874 688 3137 8972 6706 5432 2460 2725 636 9860 2974 5867 6556 2773 7443 1367 7016 957
100 6466 1739 4297 3732 2035 3440 4768 1897 4835 4433 3090 6502 7507 7593 7137 930 9426 1965 8386 611 9908 3512 3954 2520 9253 1090 197 4982 9903 8732 4159 7163 7171 9021 362 6846 5088 188 8874 6211 6620 7221 9151 9918 7818 8485 7376 5772 1426 6741 1072 4193 3923 2327 6733 6662 9154 8330 9439 1740 2956 9793 7079 739 9495 4037 8760 1902 7042 2824 2464 2104 1118 3378 1562 819 8190 9146 9868 1155 7362 9027 1498 9687 1004 6905 102 5173 6621 2240 8910 1395 9452 9580 9318 433 4268 5347 792 8822
100 5646 3535 6442 5409 7841 4308 3833 8076 3201 525 2091 2644 5234 8453 3624 1765 8434 3323 1022 2397 219 4137 9341 1962 436 306 3153 5869 1949 9195 184 1777 4515 3687 5498 8669 8512 7938 6111 9971 326 7779 1067 4479 4405 9516 3068 2108 9065 7267 1615 2284 2241 5228 6459 2271 1951 2997 4080 9544 8476 1170 8780 8584 3730 5045 1313 665 528 212 3617 3029 4625 4451 19 4430 1286 3179 9732 242 1910 5482 7729 8615 8278 1142 563 2603 3613 8990 7121 374 3255 1796 8606 7867 5248 6590 5708 9114
100 5320 8411 5183 3856 4165 9806 6651 5126 8427 2965 1440 199 1032 3545 4728 2388 7619 3694 4390 7078 5525 6394 9722 7350 1325 29 4773 1981 2816 4644 8148 1129 2739 1525 955 7752 2545 1518 8151 1575 3701 39 3652 5781 5934 2825 2666 9084 2287 3517 2941 7668 3154 4040 1328 8978 457 9984 1673 8091 1523 1752 6073 8055 4657 5415 7589 874 8301 977 9129 442 6736 633 6737 9388 8539 1666 8661 1253 2884 5670 5724 2929 7733 769 1928 7167 5353 1193 5327 1070 7109 9416 65 9087 8827 3630 1539 1651
100 7481 9478 6275 8942 2223 7678 7508 610 7868 3053 5292 7512 2587 9792 3433 7439 9904 899 2370 9781 6758 6644 1273 7610 5103 2065 8248 8747 5667 7277 6941 1239 1149 871 2831 6713 4569 3118 2387 9612 8816 4429 4575 6601 6364 4506 7052 1540 3119 4852 4453 4694 6708 6605 1385 3337 250 6814 3742 6137 7363 3522 336 45 8342 658 1089 811 4369 8020 7242 6290 85 8976 5336 3921 669 3371 7820 6857 1832 6597 2119 7076 7962 4302 6237 881 9030 5480 7542 2216 5276 5298 4570 6664 9385 5054 3658 685
100 7260 7103 7390 6657 4020 8094 7009 961 2908 2374 5212 9337 2857 8703 2706 1233 8328 2312 8098 2398 110 4083 6779 4831 6646 2238 3158 425 5105 4070 3586 5870 7270 5583 9817 4668 1294 5758 643 9222 4980 8635 7877 9602 2756 5437 1524 2543 2149 2453 6603 4422 3018 5268 1771 8793 6667 3585 2909 3317 8169 4380 4456 3584 4612 3189 4000 104 1078 5593 2354 3468 6097 1642 9579 3950 4787 8644 9832 8600 1548 486 6274 8271 6968 5935 9367 9494 2906 3924 5006 6699 7942 8989 7893 8119 6121 8413 7781 5557
100 3354 4467 3192 1433 4200 9190 9785 4188 319 2806 346 6324 5177 9070 3945 9445 9286 9123 9535 7033 1990 3578 427 8738 8719 1031 9871 3226 4050 8095 8092 3948 5071 5475 5184 5249 6959 9061 2848 1863 1577 3161 7132 5941 6625 4998 7405 7575 7595 7114 8001 193 1890 9642 9625 9697 3922 2519 330 286 8468 990 3120 9017 4031 2264 2274 632 6447 783 261 6844 8483 5309 4241 1307 763 6831 2569 5711 1530 3085 9888 7250 6975 5604 4423 2610 5965 866 3134 937 5701 1629 458 9736 1249 7866 8809 9813
100 6179 6945 4595 9174 3670 9166 7369 1628 5706 2044 4924 9303 6892 9533 2775 6320 6045 1856 741 1713 7313 5420 9371 5823 1985 7929 9643 7100 2446 3793 2467 5895 4002 9845 5725 7900 1877 5119 9499 7041 3459 2202 3300 6627 8621 6258 4553 1635 7562 8265 3030 9020 4968 6204 4092 6429 1744 5328 4449 8533 2277 1470 3312 6095 6005 9977 3105 8027 967 4536 1793 6234 5468 637 411 1035 7898 8833 8634 9611 8709 5612 8593 582 4740 5073 5417 7583 7972 6017 4596 3496 4922 3336 5469 8698 3501 7494 4100 1197
100 3104 9844 6223 1260 2879 2783 3083 1631 782 5579 7847 7194 3276 4586 4189 5258 8099 4691 7672 37 9682 9848 6311 5375 1021 4058 6640 6209 1511 2121 7297 7811 6463 2205 3672 3206 9685 3812 9886 8019 1930 8474 9352 1878 4163 1488 6906 900 9623 1998 8602 2686 2683 5144 9834 9820 8243 5791 4345 991 3988 8105 1672 1366 1546 4686 3838 6692 6071 3553 6326 2952 7931 3999 3343 2426 4298 6977 678 350 7927 2281 603 5244 4103 7643 6867 6228 6400 597 9262 1608 2511 9692 9006 5295 1095 7055 9178 8480
100 6250 6236 1037 5717 3579 6949 9636 7944 4232 46 6148 6769 8282 620 6101 428 2146 5362 2723 2830 9990 8534 1852 3241 3538 3668 3718 9111 823 7635 2538 2043 168 2945 1195 903 8982 7750 489 4911 6609 3232 488 9847 5778 2726 6534 6830 3438 9117 1019 3476 1396 8263 3063 1453 6443 9176 8436 2213 4752 3721 630 6284 5041 6002 7307 7912 7974 4277 1034 3036 7417 3135 3743 8089 2829 7977 2920 1406 43 2642 3542 3773 6165 4319 9866 3478 6522 6966 8629 9649 2911 3430 2660 4489 2854 1637 6266 4421
100 8464 1528 5917 6390 9382 6395 8800 9748 56 7662 9668 6503 4886 7834 2269 7604 3065 6835 6410 2372 4336 4802 7853 7288 6337 7869 923 657 4735 1145 2406 6619 8043 4101 7312 6577 4392 2910 9581 8954 9969 3251 2892 6827 3655 2169 3919 3532 8000 4805 1097 7632 9620 1393 8101 5293 522 3450 8678 2710 4598 971 6305 7983 8761 211 5837 1446 3766 1913 5095 2555 3671 8276 3841 4132 3070 6086 3823 9340 9523 9571 9231 8262 6357 5790 1394 2235 550 578 230 2076 3894 1472 9801 7177 8607 8281 6112 1352
100 9522 9438 1639 1804 25 6861 6450 66 4892 7144 9662 8687 8504 8376 4337 7734 2471 1696 5515 4312 5802 5784 5323 4706 9605 5915 754 8903 3653 9335 3436 5384 7732 2508 3269 1720 5633 7852 2436 2242 8870 6029 3402 1441 8279 3706 1467 7357 2408 74 9645 4716 9360 565 491 8549 5668 2853 3461 7024 6826 8526 7516 1479 3182 1703 7969 3824 5722 8768 4366 3727 3102 9221 4242 884 9025 9459 3685 2590 1279 8737 5222 2675 4973 5269 8873 838 4226 2819 3696 3785 7212 7119 7738 1594 3315 440 4167 5059
100 5495 3525 3609 3859 5671 2904 7991 539 7746 2618 4087 5450 8026 6330 6589 7419 4228 328 3759 6231 2247 207 1824 186 7883 5741 2728 4579 8718 381 1537 2082 7557 3799 255 5625 7743 6524 367 4174 4142 7755 9160 8843 999 3858 2407 3524 626 5251 7652 949 8346 2381 3649 1941 7085 7859 4639 534 3091 91 1667 174 5589 4371 4373 7310 7415 9529 3292 8045 6890 7062 7472 2144 4161 1088 4420 8096 4936 2868 8641 5628 6104 2355 3316 5726 4314 7716 4776 1029 5072 8981 7485 2781 1814 622 4235 6417
100 3294 5537 6141 8603 2838 3865 3071 151 9314 5569 9889 3612 799 3699 490 4820 8475 266 1063 765 2013 8530 4899 2444 3646 3908 4067 8332 3344 1176 3631 277 5285 4910 5547 6947 1408 655 6304 3441 571 2585 8417 1299 2302 5599 6238 1335 9517 7359 2873 5736 4969 478 2846 913 5961 3516 7971 6183 7800 4906 8565 3602 4106 9105 2702 906 5653 6622 795 4556 3747 6303 3582 4708 928 986 8127 4181 6778 5608 3460 5049 5282 1791 2602 9293 4016 8486 1812 4472 3004 8237 3736 4445 3170 2357 8371 335
100 2194 4496 5993 6825 6427 3599 4630 6893 2447 2395 4111 3867 7461 6845 6693 1156 4828 1462 9398 7372 2869 9054 4976 8316 7094 2794 4073 9854 1478 1621 4944 5352 8177 2014 1816 7638 1968 3511 9843 5138 5291 5123 8180 1187 2688 5051 6038 5829 2409 9078 8256 1490 5198 5431 9730 2233 7315 4108 1599 2366 9088 2012 6470 9481 7392 6914 3466 9260 3417 3419 8743 2788 2420 7640 7452 38 1980 7096 1747 8562 5329 8739 9339 4296 8210 7855 1607 1489 9910 3244 9976 468 6824 21 3100 2224 6915 4440 8239 4396
100 2187 9379 7884 2671 6628 9372 3816 8670 8065 6989 9951 3113 8936 1670 5581 9914 6105 2518 278 6954 4568 7573 4621 5150 5457 5111 7264 5571 2415 740 7328 4177 8133 1209 5040 4890 8139 4238 3264 6803 7028 7293 3634 638 2948 4781 5242 9728 2349 9180 9553 2919 5911 7074 2655 8242 2000 3786 939 5056 5551 7275 4522 7695 3477 1076 1317 5707 3717 7290 4512 6108 9786 9972 8186 6185 8812 5878 8052 2431 1409 6194 4908 7793 7845 1955 8595 1704 3809 2890 6506 9658 5275 9380 9661 2135 2304 9936 7223 6832
100 2099 9521 8969 1288 768 7065 5563 627 252 1499 108 5804 8773 496 8274 958 4804 773 5809 4264 5048 1921 7256 5553 1497 1841 9295 9230 62 4623 5243 1058 5880 390 4148 5273 8010 1012 6264 7053 7761 7066 9406 6598 3568 5731 494 3741 541 2891 2926 6643 4086 3024 820 5141 504 2993 8904 8349 9501 3130 1350 3175 2039 9995 8948 9931 5289 2449 4607 4367 1048 3390 711 9693 4225 8683 1876 6040 1821 1127 7326 6600 941 2680 5836 7396 8138 9098 4693 965 5129 1806 3600 4290 4529 4044 2658 781
100 8736 2452 5613 5337 9518 5176 4789 2112 7324 3986 462 7367 4626 2617 8944 8212 492 431 3331 8801 954 8205 3583 2079 4266 4582 9276 6433 5463 6489 3155 2971 9933 6072 5186 325 1583 7014 4091 5780 3839 1526 8459 8498 7382 3272 905 9470 8826 9657 6972 8558 5008 6488 1208 4993 5638 6397 7301 1190 6638 6100 9787 501 6075 7886 6059 9238 4499 3093 7590 2916 4094 248 7625 2927 3765 4746 5438 9664 3548 93 331 2577 1221 5874 3444 5757 9807 8414 568 1969 671 1779 3883 7764 7032 8790 311 8428
100 8557 3031 7719 227 3514 9852 2774 6729 7966 4567 2061 2631 4493 449 4488 6518 5326 2936 5890 4279 2914 9062 4721 2745 8913 3485 4882 9333 8313 3196 2572 3788 6519 1956 6139 5853 8831 5082 2564 7624 4059 6674 9316 6472 8208 2320 3920 5429 2738 1380 6241 6951 9954 2597 1043 3558 6514 742 7257 2994 1609 6932 9348 2534 2218 4201 7586 6187 3003 5661 6872 3961 2201 1780 4949 9029 3802 3820 8481 7243 8120 4194 1229 234 6836 6430 2077 8992 5414 8671 9370 7092 6724 1061 9663 409 4881 6957 1835 4996
100 8016 4069 9044 1728 5693 9200 1520 2017 8471 7538 5208 5718 2466 8908 8985 1560 6901 8025 5371 1842 3222 9633 3127 8399 6406 4024 2038 34 162 6370 6689 209 1247 3308 8514 2780 8854 6479 3285 1717 6480 9638 3691 60 3943 5465 2490 4629 4281 8818 3557 8297 7501 1011 6316 4900 1171 5247 8914 3959 1964 8799 1148 8173 4839 33 9515 8788 9891 7490 3382 5304 5983 6531 1330 1843 4484 3776 1933 8580 6765 2438 8124 5610 293 5239 2188 3712 9235 3567 9991 1267 3967 4861 4294 3790 2521 8658 218 67
100 3145 9248 8518 8314 6797 4046 7247 5787 2265 8322 3581 2567 1718 4743 4288 3932 7684 7786 8069 1083 1468 285 1164 6315 4600 860 4438 577 4045 2325 8164 195 4443 4245 4110 8478 3875 2611 4372 6058 9003 7395 5903 3059 320 9896 3281 5074 6336 3783 9546 7753 3724 4661 8596 5449 8647 6611 3880 5745 7375 9699 216 6656 9145 6555 6219 4441 789 7373 7124 875 8890 7022 6585 1654 631 7164 2822 6565 6899 471 6853 2298 9424 6242 4300 1291 4171 4792 5887 2454 6774 8746 4248 8213 5713 246 7342 6782
100 7544 4580 662 8140 3011 4964 2742 7086 4990 8406 775 9261 7605 6799 5188 6444 6314 5493 616 9068 5623 1348 1219 3146 2637 5462 7952 9987 3769 3094 9255 1049 5399 839 7008 2861 3193 6127 7091 5721 7616 7159 7442 2605 3580 3972 8345 2087 4850 4015 6062 3981 9846 8979 8403 1789 9019 7145 650 1867 3429 5507 1469 1143 2621 3309 6051 6929 1544 2693 5456 1024 7780 8223 9970 859 6709 4767 2953 6036 2165 7070 7921 7636 5246 5669 1391 7688 7295 1510 2727 8974 4178 2489 9023 1105 1768 7838 6848 9920
100 963 9819 5406 5133 3379 9696 3930 9543 556 3322 1753 6339 5419 5820 8579 5971 3819 1947 615 8454 7037 4995 9179 7651 1513 2109 6508 9800 3474 4064 5241 535 7828 6163 9729 2626 886 3892 3302 5875 6490 4662 656 6847 6078 727 8261 9005 7958 2979 1458 9492 8883 5392 3874 2627 5893 2533 9268 1199 9725 9626 7185 2034 6307 6153 9607 7474 4566 4270 5161 474 7622 3688 1935 2839 1381 8364 4376 9275 5083 9712 9060 5928 9127 3420 3588 223 6537 7027 4378 6752 6904 8374 822 5740 7208 1342 4090 1295
100 418 2148 1772 3770 2023 9827 1905 5916 3791 5325 2128 1007 7234 1026 2120 5401 9282 7039 7298 5901 7073 5860 6249 5652 6762 9767 5945 8022 2722 192 9140 6245 9706 8636 2316 9309 6907 4669 9464 4654 5175 4361 9391 5472 1173 6235 3404 6334 9077 3806 7203 9880 4269 6157 1304 2746 4878 2823 9941 9639 4763 2106 3398 3647 7118 1734 8449 6732 203 3914 805 307 5812 5914 502 1137 2475 233 2359 2171 4825 5232 5601 1767 9563 9069 6162 2425 4 6044 7448 2679 1746 6902 4274 375 6879 7906 9300 9359
100 1289 64 6745 8165 2851 9050 1369 2935 5699 6500 5473 1572 6399 8901 5065 8716 8797 2237 9095 4811 791 934 5822 7943 6172 6212 8939 9684 9032 4482 6192 9648 1886 481 8141 505 4399 8638 9442 9741 7006 2708 536 3214 6464 5940 695 5764 5201 8126 7534 1420 8338 800 8527 2588 6453 294 268 8729 5591 8311 629 9124 7136 2027 8959 3099 3689 609 2978 8007 5657 2332 7308 12 6767 4348 68 9498 5220 1901 5204 4115 7844 9618 1868 2328 2345 3005 2326 3878 1569 1104 3937 5951 3705 9514 1679 5539
100 6993 5343 9959 1270 758 4611 8975 5808 6863 9198 3973 7060 4098 4934 8844 2105 8796 4942 3174 5499 802 1068 9754 1685 2619 8652 4309 7141 9755 9218 3043 3946 300 9735 5526 1481 1100 4179 2986 6322 9840 4088 7334 7460 7345 1038 7999 3805 4665 5519 5398 5905 1085 6743 4117 8275 9150 6170 9595 6984 801 6013 7138 9615 1338 7861 3729 1837 7470 9163 3432 6504 6616 7426 7184 929 3815 4216 4606 3830 5672 1781 1602 2818 9175 6247 6142 2633 1168 8620 8524 7909 9947 6455 9830 6473 3597 7728 4133 5816
100 7839 3016 8003 416 885 2291 8146 9412 6795 1251 9497 5512 3971 4709 9131 4431 2677 7997 8513 8066 3027 774 6821 744 1995 3184 2260 8941 7842 5690 4943 7770 9997 1261 5137 5532 6963 9552 1648 760 7698 2982 6089 8556 3616 2498 1186 8179 5444 725 8689 4937 8806 1234 1782 6478 6024 2199 2570 2217 9101 984 8808 720 8955 1603 2402 4930 3035 3565 2563 5229 7200 3350 827 1099 9831 2701 337 8894 2828 9994 5556 8879 843 8004 1737 9635 8839 1860 3844 5002 1276 2133 2809 6804 5662 6155 2059 2852
100 2902 4593 3757 4355 70 1427 9299 8227 5796 1659 993 36 6594 2933 920 8116 2314 7422 8181 317 128 8707 9570 579 9324 464 2500 2548 4526 4703 509 2195 6587 8653 9330 4725 2103 526 8383 4199 4476 1792 8071 7741 5863 7709 2161 8487 5773 9396 5265 407 8087 4684 5112 6748 5818 7457 6382 2439 1103 5358 2393 1873 8928 4945 1903 3591 1829 2962 7142 2717 9853 312 3913 5245 2826 1494 5058 7115 4370 1203 6321 8685 3898 9675 4542 5197 9993 3125 1296 1847 2765 5238 5024 4867 1748 5596 5296 4940
100 5454 4785 8926 4209 9342 4494 5991 7294 3506 7213 9610 5777 1614 2787 6802 6979 4679 4862 443 2771 459 7533 3387 8792 2690 2630 6124 372 1074 4386 4395 9567 3881 4739 7978 5489 377 2970 4310 7654 3166 7918 8385 9240 9247 8548 7170 9520 9795 2930 9768 2878 1159 6081 6923 6784 5172 9118 9421 721 7139 2376 4548 4416 1287 3537 512 5226 2200 511 1553 8654 2404 200 6717 1555 1364 4018 592 9881 7038 5649 8305 9287 2273 653 8566 6302 6583 9640 3700 7550 3451 6362 9812 4483 1238 8999 1893 8993
100 5770 1400 3625 8515 2714 3320 1167 7220 2254 9916 9263 1112 7233 8059 3969 1943 8168 4333 53 2234 7911 5568 6663 1297 4327 1407 3787 761 5766 2344 6186 3837 7546 7582 5069 2604 2246 3821 4149 5168 3319 4408 8551 5734 4634 8053 5827 479 8544 7819 3249 1226 2462 6527 4056 6841 8591 1665 264 3604 1003 4608 9224 1742 2635 935 133 4051 4689 3572 4855 2417 855 5202 9186 9824 4821 8496 7314 1870 2528 80 5530 959 4753 5821 8268 5912 845 2530 2506 6195 6680 6988 4737 8783 9996 4286 5716 4732
100 6109 2378 554 3286 2110 5614 796 8418 2400 8155 9592 166 1496 5641 9828 7637 6868 2514 2747 1798 5969 6908 4986 7851 2736 3237 4649 8935 8247 8912 4799 4895 3425 5624 3834 2352 8573 7458 8257 4707 3546 9205 8830 3985 8656 4340 8906 9073 5402 8447 259 8953 3927 6498 5490 406 979 1243 189 6562 7904 3279 1866 6637 2300 2152 7411 2967 4144 7428 6042 7950 6683 1701 6922 946 7309 3190 3509 5377 1775 7579 5533 3325 7998 790 9048 5570 8616 8632 652 6087 9510 1532 9047 6338 7831 1332 7878 705
100 2179 308 279 4466 1872 9291 1514 14 5236 5967 5205 8134 8372 6525 6477 6381 8014 125 5799 1449 8726 5503 841 8859 3642 8013 1027 9599 4265 6090 9188 7380 8672 455 4240 305 9582 2049 8949 3829 6617 9983 2547 7130 7057 2086 6260 3367 8750 3162 6018 4082 7862 287 734 5381 916 849 4214 617 1787 6136 1988 8881 1365 3177 9000 400 3112 497 9753 4875 6704 2653 1593 8366 2810 5270 8521 3397 7705 8668 161 1347 7504 9723 2259 1424 7660 8956 1114 360 9266 8341 7721 4406 9766 1783 4549 7932
100 6533 2850 1682 683 6678 8329 9686 4697 7810 5077 8175 8046 3266 9742 5650 7111 4043 6200 7901 9183 808 8334 7325 9491 6191 3633 4880 7563 553 7015 8439 9808 4671 3111 2207 6083 4560 2093 625 6618 2089 4364 1 4772 3355 4383 9467 7671 1222 9665 4561 4953 5109 5370 3462 4084 8677 8267 9244 8680 4461 4075 7683 3907 5378 2073 835 7487 8125 1312 4638 9373 3141 1786 6491 9415 5655 2696 6317 3847 9164 7370 9530 4822 5076 1626 4332 5373 2531 2348 4527 5913 5185 4213 8396 6028 7248 9631 1169 917
100 4624 1591 4053 5953 8438 4631 546 1916 3164 2524 9016 2995 6734 9586 8160 2399 9839 8508 6855 3733 7446 2957 2813 7249 3853 850 4321 8264 8284 4128 8858 338 6233 880 6497 5379 4517 3318 4135 8143 599 5192 3912 3267 6396 5312 5374 4803 8543 6146 5873 7879 4501 2793 5104 9115 2729 201 6403 8674 7495 3996 271 9427 3096 6521 785 8161 6584 968 5518 5980 3654 3426 8536 8199 8070 6206 6684 8350 1355 7225 376 6030 9902 6335 7584 4435 4780 6574 4552 136 1657 1110 3621 664 983 6711 3779 2790
100 4068 8571 8067 4021 9457 8060 9168 5428 3958 6271 6001 9257 7025 5154 6759 7409 6257 6953 3307 4717 7291 8759 6169 386 1663 5354 9364 8228 9548 1892 7210 3540 439 8587 7292 4505 4896 7599 7098 2785 4554 3679 1285 8236 628 4967 3942 9271 5424 4454 4397 4385 1353 738 138 2358 7424 9710 1517 9236 1324 9267 3515 3106 2609 9468 2887 9315 5817 9872 5404 5159 3868 745 3223 9346 4771 9409 6402 3563 5250 9952 1268 5995 8182 3078 7483 7464 4843 6572 4095 6462 3644 8924 8952 7258 7526 4865 2580 555
100 7322 2115 9414 9471 1410 5501 3955 3702 6839 6483 1705 3552 1379 7404 6122 9596 8404 6925 3669 6287 7134 2670 7099 2386 766 7890 5155 2346 2334 2913 8585 3804 2367 8432 9225 3236 8489 3970 7614 9045 2592 844 4272 361 3520 8291 2432 4755 5956 8088 5029 3 4196 4633 1371 6039 3246 8586 5866 8100 5892 5783 4256 4695 8419 421 7319 2740 2991 5695 5979 1830 7343 7945 7023 1073 5831 9165 465 6281 7785 1255 4495 2712 4510 7451 76 6973 3227 7597 5035 7436 1811 4884 6615 3418 4074 1743 2753 641
100 4509 3051 1202 5090 290 7536 4186 2731 6772 7961 2155 4275 7996 451 6199 9841 1124 4490 9588 3230 3377 5180 2983 3895 9487 6566 750 1340 3357 6177 3811 8878 1236 3229 6468 8381 5521 3282 9744 1272 2227 5966 1192 2503 1283 2836 1952 5461 7659 2032 4748 8062 7990 9357 1419 1442 7211 1232 2116 1745 8392 7814 2286 8845 253 2937 9688 483 1158 1694 837 3891 5093 7198 8887 1305 8757 9035 3905 9285 519 4847 3845 9646 6679 4603 4481 5833 69 3242 9803 7892 507 9100 8817 9158 1087 587 2582 4176
100 3287 7497 6701 2293 1785 2100 1108 9313 8320 9148 6917 4961 7527 4077 2321 1086 831 9320 6180 2419 3675 3034 3964 2907 2212 4047 1153 3778 2410 1206 1794 1900 9981 1813 5313 4726 810 3243 8370 3204 6987 6392 5396 5981 4491 2840 3019 7771 5909 726 4350 8555 1430 8356 2405 4979 3503 8886 5897 3412 1565 126 9698 6007 3559 5658 8365 9033 159 6079 1463 5191 6936 402 5664 4460 9527 842 1416 2186 7694 1763 7087 1146 4418 2734 5311 5062 469 5811 6486 3797 1855 3277 4571 2784 1610 1778 3929 6817
100 6820 57 9469 2862 9430 3356 8785 3338 6811 9125 5254 5648 213 173 5502 5578 6877 9794 5259 1527 9383 8546 1751 101 7907 3632 514 7378 2403 5714 8842 9519 9411 1702 1976 2310 6876 3628 5689 3392 3569 9511 3295 30 2067 1284 2339 5412 1326 5998 9734 2943 3247 9565 5575 4676 8690 1486 7427 9317 7916 7447 8109 9784 5267 6878 1815 1257 2628 4353 6164 3842 1823 1861 2166 6875 1053 9407 3902 6414 6272 190 4594 7302 6894 3058 7965 7218 7580 7113 429 8015 2877 1836 3335 5643 4049 9153 3611 5680
100 6070 6131 8280 467 6341 86 2045 7146 1552 5272 2550 4184 1757 2847 9177 9926 35 2130 5685 9978 7968 8614 8156 4853 8283 3990 7402 2963 1487 6277 8861 8547 7762 3221 2026 5279 7689 5542 803 3040 356 3414 2011 7601 5574 4465 6721 1619 647 2297 3045 5989 9251 8664 1693 5031 6910 6543 8323 5972 206 646 6578 147 7353 8608 26 3767 7620 7361 6672 1644 3304 5368 1992 804 4745 9417 6911 8877 1529 6606 9447 9938 7393 698 4442 3072 3299 8409 702 6021 1062 4533 7702 8189 9641 7131 2647 9466
100 897 8393 9067 3533 7715 8251 8684 1953 9982 974 7540 5034 6516 4120 2938 9440 6920 8266 7805 5466 8218 352 4382 6738 8081 8927 5210 9818 619 2960 5918 5840 6458 2748 6456 8567 157 9122 8850 6448 4994 9283 8421 7399 4289 9112 4613 9400 5538 5418 6751 3530 5950 1919 7670 2820 7956 584 8463 4941 1399 3547 1415 1182 9064 8441 3877 9436 7403 2047 1318 4957 3109 5994 148 7749 408 1958 6413 6380 7128 2046 4313 13 5022 8473 9876 8865 5684 8340 5294 6655 7398 9791 5350 6268 5464 635 4105 6567
100 3305 2488 4393 5949 6130 5505 1881 6347 3962 8246 1891 3818 3714 4698 8118 9822 679 4459 9600 6345 732 97 3347 9505 6661 6571 4920 5340 7133 4794 4578 2759 6596 272 5366 4972 5558 1201 3722 503 2541 9071 4169 1850 9724 8728 9545 5788 5922 4119 6766 5139 2203 2536 347 7514 2308 3556 1125 1036 2762 8538 7226 9737 9503 6055 9927 7915 7937 1838 1721 9207 1874 4591 3495 3861 2998 2414 4905 5458 2656 8061 244 3639 1974 178 397 8882 3048 5118 4347 315 7829 9532 7465 9905 2856 9473 7873 4307
100 5663 7063 3640 3677 5517 689 3328 8033 5305 9973 3854 7097 1327 6168 2257 5369 8217 4401 4872 5920 6991 5619 4206 8085 6842 6286 1454 5215 321 4947 8038 9507 5606 7993 1853 2732 6705 8871 7196 8451 8896 9909 106 6298 9593 7787 5544 7340 49 3434 332 6110 4331 4257 3428 9336 2158 3342 1632 2136 3086 1212 6340 2021 9564 746 4014 3228 7860 8988 4195 7303 7207 7206 9018 3296 4915 3233 1264 9858 9733 9394 5413 5367 3203 1374 6205 9208 5618 8771 6918 6677 3707 3998 8034 1220 5830 9528 2835 3529
100 1993 3682 4997 2143 8288 6197 8884 8225 7456 3566 7217 8482 4363 918 7381 1808 145 2641 6408 1616 8973 8983 5937 5795 4010 3879 8319 3505 8507 4175 5748 7531 5389 4641 1042 4220 1227 9404 7621 1660 2648 7515 5702 9946 8574 5824 2799 4457 6067 5000 2421 5715 7355 58 9301 5492 6208 1761 2718 6407 414 3561 282 2428 5487 5978 4534 2333 393 5007 7148 3340 6054 2283 8695 5884 3933 9393 2776 7935 5767 9456 6631 5577 9731 9366 4687 3313 5754 7783 7214 2481 4502 6193 6152 7612 5921 7467 1466 5086
100 9502 4916 4425 2620 5061 8628 6428 5723 5096 6666 6544 6306 5712 5122 9350 6969 4731 4572 8380 6084 2685 3840 730 4871 8802 8637 2232 1997 3744 247 3123 6838 8495 5026 5752 3992 6276 3152 3800 1688 5063 3758 5491 2343 5622 7432 2461 5425 6653 4989 848 586 5484 2893 834 5635 7653 8446 9961 5744 4065 5032 623 2392 5321 9771 589 945 2720 8357 608 5052 8113 8090 8389 4432 5037 8917 2094 8187 6532 260 8111 342 3486 6267 4891 9362 7102 41 7386 5460 9119 9423 7347 9397 8601 8828 5145 1300
100 8230 2955 901 4736 7529 5335 3899 7520 717 245 4809 6093 661 3956 3490 8943 4147 83 1613 6015 5843 4243 7524 7437 5405 6363 680 2797 6356 1731 6997 9482 2961 7784 2761 4770 3268 7414 2860 8766 5666 6313 9849 2037 3887 5597 8435 9506 9137 341 8561 538 7306 9898 7824 9121 18 642 9740 4938 7822 5319 5274 2992 3087 7416 6484 5709 9083 3256 9957 4260 3488 8431 9705 2183 176 7346 9577 8998 8932 4970 2821 9149 9216 6793 1339 6599 5902 5257 728 3471 1254 1041 8367 2162 8505 3957 4365 5660
100 5344 9042 6449 5747 7661 9624 9750 3403 5835 5510 6332 6132 7224 6822 560 4933 4823 5644 6858 5283 2309 5899 8893 7902 4085 6985 2182 5846 1256 7681 4609 3813 4379 6366 7296 9126 9321 6419 8465 7926 675 4391 9683 3574 7773 878 1597 9389 2062 8686 6512 2942 2561 4798 4205 9749 8502 4887 477 1800 4658 9449 6716 4374 460 9237 7029 2613 31 2845 5372 8493 7255 1277 8041 6965 2803 2256 2389 3911 2305 9290 6308 1215 3380 4230 1014 8455 231 5868 749 8462 7804 6773 890 9363 3915 4004 2131 5825
