100 10000
100 616 7569 3011 8838 1237 9722 2365 6355 7209 8797 6642 2225 6966 765 9622 7368 8537 9559 3859 8568 1572 372 1493 4772 7871 3972 5221 7750 6749 3110 7350 279 881 9780 1591 2322 6917 5338 9351 2332 350 3316 1425 6147 3759 2650 4175 5200 995 8084 5187 1499 1035 5620 1332 3538 4101 9299 8472 9724 3457 1191 4969 4653 2600 4109 386 5068 8242 137 7666 4409 4252 6404 7339 4584 6493 9226 1111 6139 855 5652 2604 3162 1567 8440 5479 3062 5055 6322 7084 259 9003 8333 2754 5408 3953 7769 1964 1907
100 470 9250 569 8772 6202 7331 4813 1208 9626 4325 908 7445 8304 8522 8835 2396 1182 6396 7271 9427 2179 4087 6448 466 3986 9730 2096 2384 6993 1724 4573 1482 1958 8111 8814 9162 9114 4967 8683 2566 8919 1019 6790 789 8186 6066 6440 663 5230 2255 1557 2478 48 4282 9759 2550 2088 4328 8121 4810 7390 5075 8334 9516 3238 4715 3019 464 5417 6905 8325 9260 253 5627 4486 753 5281 6491 2311 6229 7882 5147 6862 671 9664 2054 8844 338 3354 3914 333 1838 8311 7704 491 7540 9044 4119 6690 4637
100 3075 4616 769 3107 3563 9213 1238 2369 6081 6773 3568 6180 8972 8396 6173 7881 5280 181 8187 2217 8582 7813 5195 687 6853 1609 566 6052 5030 2485 3017 737 1321 1448 1033 1519 1921 8159 6743 9537 6186 9849 1473 8468 8214 5924 9827 1867 3603 1081 2063 9447 6689 5475 5806 7122 7590 2147 242 6511 1416 344 512 5567 7581 2677 8462 2855 4257 3801 194 7781 3905 4532 654 7841 6029 7486 8966 1512 1248 2285 7070 4323 4557 5832 8226 4633 4808 914 6112 8220 5981 1429 7564 9059 2904 861 5010 3319
100 9612 4350 8406 2715 5578 58 1711 8222 3218 4764 6498 8901 6384 2274 4280 9057 7836 9723 1328 7702 504 1345 6320 1196 6517 4312 1344 5681 5201 359 1795 6960 9187 930 1130 9772 7287 8076 4602 4918 5354 1917 6454 5298 6312 1887 112 9520 8881 5231 6445 8195 9231 6436 7175 1869 6944 3595 6973 7510 190 6199 9189 6019 1634 3088 2678 650 43 9405 2448 7208 99 3064 1107 7446 2156 7214 8488 7855 6437 9768 5266 7500 117 8419 6540 4876 6482 7293 3862 878 9129 6175 5418 3422 7189 3231 849 4829
100 2563 710 8129 7673 8603 7151 9151 3395 8530 4020 5716 6858 3272 4411 8759 8868 4572 498 7400 461 9793 1894 516 5826 935 9362 785 3434 1870 924 9563 7867 4207 1686 2808 4194 2648 692 9960 9179 4463 5559 1692 7675 1675 6892 7722 3794 9273 5105 4997 5469 6618 6200 1631 6495 944 1721 6835 2089 4805 734 4428 2001 7845 1103 4756 6348 609 7775 3564 2160 1764 2986 4473 1990 3523 2234 5689 4790 8460 8968 426 3226 9161 2728 7543 2781 8054 941 9154 6717 9597 2829 9439 2540 5690 293 1159 2204
100 6729 9794 8708 4084 1601 7064 9160 6508 1335 37 4501 5740 8733 6269 8335 2180 4152 5415 8012 8817 7484 6473 6476 8229 115 9677 973 7522 3446 1415 8496 6357 6386 3561 291 6762 8883 2427 2536 4220 2469 7172 9338 7223 1868 3394 327 8973 6358 4930 7777 7979 656 8401 8167 460 8911 9542 6433 1578 8535 9096 1228 429 8437 5061 2713 2330 925 3094 1362 1852 5421 3039 7831 2452 4704 2480 5840 2392 4137 6957 179 937 3346 7787 7644 3482 1279 5290 3424 4361 5402 5527 7681 8316 2209 7901 9069 3614
100 1293 1031 644 9819 8559 4516 3894 3525 2004 8281 1585 403 6890 6365 2998 4206 7689 9145 2295 2666 681 7068 4796 1584 9737 1905 5863 1761 7779 6509 3663 3116 5794 7403 6489 4832 5851 2277 3181 927 1551 2827 8937 3970 6891 8100 4355 8734 511 3212 69 3209 8829 1586 4551 1443 3420 4098 3672 109 8477 4717 1216 9634 2959 1329 4425 9393 7430 3516 637 3728 1223 3057 3867 4236 5671 4937 7895 3413 1235 1432 5039 8473 2520 2077 8232 6733 2006 9690 4226 9490 2453 2420 748 9809 1084 101 6558 7192
100 2719 7393 1069 8172 3673 7243 8551 6601 8319 2968 4219 4331 6398 3377 3962 3729 8692 5941 6471 6921 7667 5595 9538 9998 2143 5879 2994 1270 8763 1827 7206 251 632 1475 4629 3325 4799 9509 929 2457 7351 7620 8103 3432 8308 1910 2035 3252 669 3160 7602 9429 2726 9971 5019 3276 4677 8908 1268 7303 2014 5142 7003 7879 6775 8461 2150 4345 3447 7119 5179 9037 3740 3734 3405 6592 7095 6416 8322 1865 6449 419 2378 5519 8701 5865 9682 4003 1044 1093 7164 7593 918 5258 5918 5227 8969 4744 5807 7807
100 7462 9137 9135 1819 3596 3686 8819 1722 5664 250 9342 11 9600 1866 7970 2051 6216 1078 6682 6102 93 813 5812 1481 5386 4499 9505 8606 3490 8212 2436 6332 580 8299 6297 7721 5489 7624 2784 228 8332 7071 5177 2573 808 1181 2617 5539 9992 8830 3583 1639 3435 5423 6374 6629 1618 7612 3931 3099 2056 5202 709 9857 8920 3853 7452 3921 9698 1148 3129 216 7825 6956 5804 7654 9576 2687 9370 5359 3876 712 6364 8577 8782 744 2458 4899 1663 7794 742 9858 2339 6008 3497 5934 4624 5629 9838 126
100 9277 8211 8549 931 2434 3598 9172 1988 1752 2300 1422 8099 3207 7089 4190 3079 4183 3548 952 2774 9940 2221 332 1784 7023 5292 9174 4714 3754 8827 3744 302 8243 1939 5962 819 9312 4128 3169 4171 5256 6121 9779 8769 6614 9795 5898 1015 3522 1926 3824 6376 2495 1469 1716 5204 8231 3638 8320 3632 3000 4797 1903 1314 984 939 2957 9199 1753 4607 9432 5435 993 3406 8315 5771 3083 1400 3045 4314 5592 1361 2317 2605 4130 8659 3984 5640 2382 1550 5482 6394 7073 5665 5048 6204 4442 797 5212 9388
100 7903 4706 2397 2770 175 5218 9881 6546 2338 8916 4464 3229 5128 683 2426 6598 977 8350 8956 9374 4683 7662 1377 2991 3760 845 979 2743 7827 5079 9358 641 2701 5862 9754 2831 7472 9064 4959 1255 7442 9870 3809 7489 7305 92 1509 2667 2610 3990 9939 896 9933 1625 9076 9684 1376 6447 7262 7212 8834 3221 7464 8892 5299 5397 176 488 8699 3015 5369 4600 2572 9879 4005 9862 997 2615 9032 1690 9742 7081 9419 7225 5041 1643 544 3472 4949 5242 5216 9987 1330 2334 5167 9308 8981 4146 3275 5836
100 9173 3971 9424 5931 23 7043 960 1647 946 7536 1848 1979 6395 1463 471 9418 7857 377 3348 1073 2380 8899 5390 8025 4874 2977 2987 4674 2636 8842 4793 4586 3992 4567 7042 2055 3090 2882 6472 520 2989 7947 6817 132 1749 1310 7280 1737 6452 4454 4225 4080 3958 1626 2583 843 6177 9294 4552 4211 2963 2079 581 3151 7306 8240 3712 135 6832 6483 6129 2335 5082 9803 6050 1826 9233 9991 1959 3939 7247 7179 5837 7812 5714 1363 5713 2471 3130 2184 4224 3484 5703 8663 2011 8961 3339 2409 345 420
100 9638 7397 5478 5250 6719 2867 9024 5034 6776 2616 8746 6236 5869 8426 3200 1950 7701 8128 8556 3285 2670 4670 4103 1065 5449 2358 3056 8057 8310 1128 1152 3693 8752 8042 4188 1462 376 9786 312 1924 133 8098 3871 7951 7428 5427 6794 8700 6653 5345 9163 1918 4846 3585 6119 4089 9840 779 3716 6373 3818 3874 2307 6573 2214 9775 4851 876 4072 42 4399 3506 8002 4247 3080 8264 9178 5011 2244 2848 3481 7804 451 7190 2695 2928 6336 2582 8221 3081 2315 4689 2521 9356 3278 9894 4413 4628 7237 5565
100 1702 5168 7375 6595 3008 7512 7438 447 8571 2171 301 4108 9039 798 2665 8306 4942 3912 5589 95 7296 173 9283 6303 9072 170 6958 1 7711 1449 6089 4239 4028 545 6641 5035 1972 5782 5902 4301 521 1506 2050 6133 7688 1987 8152 193 4157 1113 4727 6677 2958 6662 4954 4779 2213 2162 8784 7591 5497 6383 5786 3993 7314 4601 4740 9470 6959 9242 5712 5574 9353 5389 6672 4630 164 7897 6899 3087 2704 2146 6565 1713 6840 3751 788 3803 7886 3291 3916 4711 5319 5779 7880 4163 9267 3175 9688 2635
100 5058 5656 9802 5694 1243 3050 4177 2711 3111 2094 5524 8144 2149 9963 2649 8865 1101 1831 996 9733 9171 5404 3743 1543 1809 7261 9601 1590 4165 9545 3989 7182 8927 5788 6725 3983 7276 2911 1488 5326 1650 4099 8547 792 3049 352 707 7290 3 4978 7310 5 1507 4286 2342 2903 5007 6804 877 8871 2822 8987 4055 9661 4718 3592 9366 3174 1991 5677 3195 4625 9117 1003 1515 5768 4006 7163 703 4148 839 7595 56 6466 9263 9412 5515 1341 3370 3855 4295 2927 8710 3258 1705 4036 9586 7978 5143 840
100 5295 80 5005 7420 3046 614 4333 784 8684 138 4547 818 5642 7257 5753 7740 6028 1179 3382 9648 2185 5110 7159 462 1365 209 2068 313 7638 4279 6980 8818 6610 2486 7423 7267 6043 7067 4228 3646 8702 8998 1175 7745 296 9246 2336 1424 5261 1552 851 1322 4000 7983 2240 7760 4317 9099 885 9588 6333 6543 1754 7643 1402 7718 5451 6049 9379 9029 5946 2935 3326 2024 476 4191 1738 3173 6469 2833 7961 4651 3586 4421 1091 2000 6318 8753 7533 8912 3580 2872 738 7820 8262 3834 2266 3793 7230 2985
100 1437 773 1286 9955 1197 4391 8941 7 5666 3549 4343 5188 4383 1474 7229 1932 9985 2098 5938 8485 7047 653 2265 4980 9320 1641 9113 2579 8850 4849 1723 6611 6443 1166 7130 5462 384 3379 7145 4647 4079 5468 7517 1502 2124 6391 6056 3732 3184 5150 1556 3669 4357 8719 5980 5311 2034 8727 8475 7968 9004 9445 2739 8786 8429 3769 457 1611 5615 5684 7884 9916 646 2028 6786 7763 7663 8563 9644 2132 1354 4439 1419 5017 6230 8323 6238 7218 7057 9769 3776 5958 8501 6863 4525 4049 7808 2995 9552 1095
100 9887 7308 6965 923 5124 3888 6455 3387 5581 8880 3573 976 3384 7894 725 8413 2724 2503 7635 6671 3072 4642 6854 1016 9015 9965 8583 2070 9118 6679 7513 6709 2286 2245 5990 9587 8200 1211 9613 5901 8388 3575 3131 6516 9928 2798 6208 1401 7030 5087 8626 9253 4708 5873 8665 783 1580 5815 2023 25 77 4850 983 8140 2626 3397 34 7150 5612 5816 5115 9068 7773 1116 1908 1004 3816 5907 6727 4365 5376 1052 1457 6104 9624 7729 8846 3674 2351 7101 1384 4446 4479 1464 1115 5334 8490 120 4307 5614
100 3576 5347 8249 5169 7640 9471 5947 285 3701 9556 2621 7233 802 2102 463 4826 287 6247 4652 3630 7104 31 3486 1859 5036 405 7995 5676 3371 8116 4922 5631 4199 4313 40 6195 9203 3574 2575 1731 9902 230 6108 7589 1617 6219 7765 8985 9303 676 2702 3454 8851 2693 9027 2103 3232 4707 8093 7762 114 9417 3806 10 1756 945 1843 2048 9755 4329 1001 9262 4368 607 8527 7609 307 8133 2450 8044 4839 1735 8929 4344 3189 513 4242 6872 7449 1395 2768 8974 1218 8704 5688 9200 715 8431 8165 6407
100 2111 2538 9497 2178 6041 4945 7091 14 7877 6597 8283 8808 5006 7506 5739 7200 4062 9336 3126 6242 3507 6855 1635 7138 8062 4903 3676 130 2684 3858 3344 5161 5545 8931 6665 5208 9243 9692 355 1510 3703 764 5521 8799 5159 5312 8083 7272 2529 9503 2303 6617 51 1670 507 3047 3725 4989 4347 3747 916 2026 3251 5757 6287 7651 8778 2314 6251 4563 4583 4422 4408 2078 5961 8905 9797 2531 5158 6534 2869 880 9964 7335 874 1281 5043 4623 873 1495 2479 7062 1176 2212 7887 8436 8661 3826 4110 2362
100 5742 8072 6934 3133 4432 6244 721 1408 3492 4112 444 1096 8760 9577 7186 7318 6107 617 7661 9557 4467 2630 9184 648 4512 6082 219 2879 4400 5785 5164 6068 141 8878 9504 5148 2379 4197 7652 8538 6409 9399 7127 5399 3930 6796 1010 2483 6392 7733 7969 2634 4845 6276 920 7288 9345 8635 5944 4921 2992 7149 2744 4187 9993 3955 1658 6126 3771 3096 2651 8517 696 1900 4564 2932 4982 1133 6922 8646 2464 2407 8309 368 6701 7719 8678 1633 2128 7204 3715 2716 8711 8632 4318 8179 2961 4736 484 5776
100 7576 7246 879 2157 4212 8996 4437 6077 7201 6929 677 8735 6346 7601 9083 3798 3624 8160 917 6037 9232 9359 6201 2047 2709 3636 6728 5658 3562 9257 6999 4094 4536 627 3247 7934 9752 1588 3219 9437 4326 2467 4227 7494 6880 7107 9183 5050 1935 3545 7539 5076 3287 4522 8464 9618 2250 622 9473 4338 4751 3981 8542 2934 160 7944 8480 8860 9641 5795 2554 9981 4936 9159 8400 6850 5296 2465 2177 2002 1028 8989 402 6902 9413 599 1017 1734 7432 4241 6895 5926 5318 1412 5277 6064 1108 7555 1392 8816
100 9238 510 8545 9193 8036 3297 7580 6544 6518 6388 7202 1161 2155 1487 2442 3448 608 604 9133 8792 9258 3146 1060 565 4240 5848 9996 2686 3881 8296 7439 9691 9054 3459 153 5939 4834 8245 1154 2071 3012 7752 7140 1418 4916 9488 8986 8581 5889 4431 2446 4857 8455 7967 2747 9836 4795 6054 167 1800 7441 7386 8217 1137 1816 1871 7376 9801 7421 4948 6684 2075 4825 5391 1710 1965 1020 6803 4360 472 6347 1007 1187 4290 3652 7301 526 755 6170 1589 5948 5702 6698 6000 2297 1071 3480 5897 4387 7986
100 9962 9564 4389 3616 736 2009 3206 4741 542 9476 9546 6505 208 349 2196 4250 2938 1520 554 4082 248 8498 505 2166 5222 774 9874 9285 4562 3566 3009 8694 8047 2515 8131 4179 142 689 1574 9696 4195 8443 8698 8305 1954 9861 6981 3749 1573 2685 5003 6350 6607 761 8656 2895 5305 9705 9428 122 3778 9127 6955 4595 7447 3158 7828 7483 1638 6178 6658 399 7549 921 4156 289 30 7482 8154 4807 6774 2181 1011 2595 6705 7461 4438 2973 8651 8449 4039 8007 8743 331 6613 8572 6499 532 5541 975
100 9404 6539 9530 3733 3271 2836 4837 7443 6212 9464 6093 5431 1772 4815 6002 224 6268 5077 7678 8 5910 7546 4254 140 4402 2820 6109 8302 5743 3124 2433 9521 4113 7320 5622 7219 5349 6772 7627 5126 5619 4348 4895 3410 1999 5590 3797 1320 6223 3150 3952 8008 8438 6372 9444 1901 4809 4995 6315 5892 3987 2620 4594 7541 3550 46 7909 6422 165 7418 9663 6813 8499 4132 8017 3634 3430 5847 1372 3353 3557 8796 4658 3334 32 9493 346 8597 5662 571 4984 6799 799 5999 8558 531 9261 2645 5291 6994
100 7457 6431 6759 3071 8526 9139 5970 533 3817 1945 863 9495 4051 3198 1895 1857 9502 1501 5570 1604 184 2278 7732 835 2585 3418 8058 493 1284 8954 7528 5232 6302 3416 2762 8330 624 2366 6148 2360 6626 3521 3277 2241 1318 4404 7908 3458 3290 7936 9448 5439 1082 2058 5699 7282 1468 410 4018 1157 1687 7476 7001 7171 9810 1061 564 2679 8389 3944 7017 2614 1266 5335 6910 6525 7695 9330 1727 1619 5113 4484 2523 3736 2627 9673 7092 5498 4560 4588 7942 7493 9818 3731 7508 5746 6889 9331 7723 9302
100 192 497 6410 6224 2284 6578 1336 8166 4550 3054 3764 2072 2176 191 1349 6051 6582 4143 7767 6414 1531 886 2123 4469 7475 9764 2578 7415 1946 560 1428 8337 6526 651 1160 3534 1260 9792 4064 9111 8050 1490 7051 1814 3341 1523 8507 7626 5520 6062 8373 8787 6911 844 8045 2941 2216 6808 4635 383 3159 5004 9371 9994 4778 445 5302 7006 9544 6270 587 919 5912 2970 67 8903 9025 357 102 9837 9706 5682 4983 1040 4941 329 7458 6339 7645 1438 4034 6673 6397 7132 4139 3864 5603 1511 6442 8064
100 3528 65 1105 393 4397 1287 9301 4071 9026 3625 4806 7407 9229 4875 2376 7568 3857 22 8442 6561 3667 7872 3470 6143 5512 5735 6267 9799 8813 8043 629 4174 2008 6189 5073 9009 4065 7793 1379 9625 7980 183 6533 1897 4985 3286 1911 8685 8950 1805 361 490 4203 98 5330 9856 6870 7696 7634 7562 1301 962 7328 4341 1436 8964 8877 365 8922 9983 9074 7848 415 2505 9017 7411 7356 4568 777 3089 1250 1820 8448 1373 6271 4881 2874 9984 2170 4852 1624 5895 7235 5599 1185 5012 3879 6381 2593 870
100 6740 4277 9578 4544 2821 3662 4346 7384 5189 4462 6756 8591 3937 7302 8197 4121 8609 7373 1671 5914 3694 6463 5613 2252 5809 745 1776 4401 3119 3682 615 3489 4877 3822 7355 8894 7579 535 4748 7285 558 4370 2881 4215 5616 9534 6555 8216 91 2783 3363 6599 7618 4729 3103 7184 9234 8035 1480 8666 7683 7129 9090 459 7823 1771 8748 3641 6424 2759 6150 6814 3451 5440 9060 7596 5384 9554 3949 1533 7265 9346 4209 2331 5247 7976 525 7730 5675 5789 1427 7034 3697 7387 5737 1239 938 6211 5769 5994
100 1242 2735 118 5693 4646 1899 6661 9124 6961 3908 2224 3208 6462 3196 2101 2955 2140 7738 9181 1725 3810 9807 6583 4776 1430 3884 9773 1630 2518 6569 6140 1891 8756 6311 6778 5728 8815 8779 5630 3998 6576 834 1627 1892 4311 4684 4004 76 2247 1252 5597 3166 5522 1358 5225 991 6429 4732 1649 9430 9956 3441 1292 7504 9676 9422 4337 3449 9948 5993 5502 6161 3856 8439 1612 8091 3059 318 649 5203 6188 9377 1151 967 7515 8149 9487 5217 1315 7079 8801 3950 495 7996 1313 8208 5238 4456 74 1665
100 853 9084 5024 3043 4496 4943 9304 4524 64 3543 8230 7083 2642 6549 9620 5484 8495 3302 4592 8608 6747 5920 8856 6234 4373 8745 2290 5896 1173 5307 5876 4518 5372 9434 7514 8234 2438 7525 3469 8826 6403 6053 3493 7341 1043 9397 9654 6321 6932 1229 6423 7096 2373 7120 796 557 3948 1825 6072 2712 1931 5219 4054 246 6074 1970 3145 968 2885 5162 7551 1678 6695 4555 7055 2134 9492 204 1282 3328 36 9121 7134 8096 4303 567 3191 685 2154 4300 3307 6235 7399 5046 3941 2840 9512 4773 3661 4011
100 552 7960 2931 8984 9180 1009 8667 7974 9944 9632 8227 8960 823 5891 4447 124 8278 5965 6319 2501 5828 9067 7523 306 1616 2810 884 7480 8691 3966 6342 8251 1973 7160 1695 2603 3331 9787 2473 1993 7024 4494 3779 2441 7111 2370 6594 5733 9532 8947 5018 5787 4897 8387 1683 7207 6931 7837 9198 6136 3932 1798 4664 8627 6784 9252 4879 8189 320 1998 5764 4702 6708 8820 536 6117 8241 2201 2199 1758 9935 5855 4377 3854 5964 4788 2690 9760 6282 3041 3366 7952 2790 9633 6301 633 623 1256 3141 9668
100 7990 8024 6947 7521 2305 7404 1566 2484 7697 5145 9169 9569 5698 3464 2960 7527 8595 3462 5726 4570 3053 5101 5393 7152 2298 3552 379 3935 1050 7039 868 8589 2447 1936 6361 5285 3112 9707 4863 5511 6742 2966 6273 3007 4013 3262 4249 6428 4657 7917 9575 5097 2091 6172 3503 2368 369 1833 6647 7354 4306 9319 1190 20 9230 7110 145 4114 6940 9821 539 4523 1682 8993 3423 5351 283 6988 7433 7434 801 7957 8762 9391 7946 7269 8857 7658 8078 5600 9999 8724 5275 3014 6393 8716 735 6869 1411 2734
100 1433 4424 6723 2888 6874 7636 9938 2425 2454 4609 3269 826 3546 2757 4906 1902 6707 6098 3643 4760 7646 1956 890 8201 3579 9617 6841 1245 5470 6141 6885 3329 8269 3005 3245 9192 9549 315 9868 6969 8225 6330 3407 1150 4167 7481 9011 9536 8628 7708 7642 2227 4245 4231 3913 3640 5333 7359 2110 5718 8347 7561 5608 1948 9247 6829 2697 6793 9662 3183 5763 119 4791 2668 3246 1312 1172 428 436 258 1759 9936 5477 4093 2559 4149 3257 7815 5429 8397 2493 7587 9550 3877 4332 2707 5540 1458 8092 6420
100 4962 4244 8075 6058 2876 684 9611 8328 2898 7372 8913 5287 9845 8737 7940 1382 3214 2858 1703 6831 9395 6951 2279 2633 3020 6057 3438 4493 847 6616 5494 3101 8040 4081 1976 1272 8938 6248 1210 433 6577 6877 942 6827 2268 8602 9007 7167 7577 4045 6168 3685 2411 151 6678 8207 852 6551 7604 6022 1834 9531 6181 8614 5736 8528 5487 8971 8936 3374 555 7993 6737 4975 7553 9681 6387 6986 4509 4780 1277 6323 9481 1300 502 6239 1862 836 7672 4860 6406 794 3323 5374 7491 9369 2865 374 4407 4406
100 1201 4460 8717 5523 6559 3148 6896 1387 1121 5328 3578 2729 7659 6047 9830 2494 812 4526 953 2361 8255 9462 1059 9970 3700 9743 3584 8822 5377 8079 8169 3714 3909 8723 7854 9954 9757 9912 4043 7040 8037 404 3340 1440 6474 4340 260 9814 3707 210 1046 5406 9275 1882 389 96 546 6849 2022 1092 2568 6017 6327 2749 7357 8930 2516 1522 5813 1244 7800 5072 7572 2965 343 5154 3670 7307 8046 8423 8855 8026 9728 9101 3982 5860 6124 8256 2258 8619 9095 8450 4535 294 1104 3898 2519 7340 2983 6307
100 6982 6903 9384 5065 5911 4022 2249 5465 2588 8806 2306 8175 8204 7072 4474 4957 3431 6656 5360 3615 70 9325 7583 4151 5765 7856 2980 5758 2399 2993 9033 6536 8940 1348 1728 7862 5916 4403 2546 9796 5099 9217 3671 8367 9913 1431 5778 8910 7558 213 9394 3724 8618 6753 8861 6839 8676 1750 2706 8244 7987 1262 3136 2402 5495 2676 4968 7821 1491 3542 5353 2230 6174 8640 6015 3003 770 8143 8965 7248 7060 7547 9636 9290 9708 2862 3880 6964 4666 3533 2797 5906 8294 9967 3306 5458 1504 7353 8839 1356
100 7090 3163 162 2663 9077 1714 7077 2698 5032 6567 8795 5013 7709 9 4739 3901 5784 1165 4721 2890 4288 3194 7309 2235 815 2824 5286 5047 1606 7544 2629 2944 75 9649 7694 5775 4050 9736 6761 2344 6059 6257 7367 1023 6080 9436 1532 5410 2643 1846 6834 9783 5320 3177 795 1280 9697 9774 7921 4836 1789 5009 6612 6366 2489 8621 3656 8491 6399 7599 2260 206 202 4712 6501 6580 8655 8444 6194 2195 3551 2490 5276 2353 7519 3975 4488 9482 6197 5908 1274 7964 9469 3240 5080 9930 854 2092 2062 3594
100 4533 2587 8218 5923 4160 3940 3104 6441 2530 747 5134 3138 6752 3388 4021 8290 5122 7061 691 8864 9465 9766 4613 9665 7810 2312 4622 8364 5611 5780 2835 8569 5198 9215 2656 2541 928 8884 185 8052 1426 9378 4673 1941 3477 1992 5108 3115 5125 5691 9073 1996 9012 2637 3536 1701 2057 7141 2151 636 2804 8223 1090 6252 723 1434 3034 1726 6070 9842 2680 4804 3927 6909 2513 6459 2852 5587 8995 2192 7255 932 1135 9194 8412 1251 951 955 7364 5403 9440 2491 8516 1263 9324 6716 9480 8519 8705 5647
100 7321 3069 2777 4924 1350 3123 8086 7349 9138 6846 166 4133 9265 910 8645 1006 9513 6621 5859 6713 9315 8345 5904 8500 5808 1791 8422 214 6390 8647 1149 8740 3301 522 9909 1594 842 2725 8393 3973 1853 5098 406 4626 503 1206 2020 4316 1334 5645 4162 8641 8541 6337 1760 8034 6838 6963 621 1285 4585 8298 4214 4302 9389 1012 3402 7511 4267 6663 4076 1198 8411 6427 926 2972 9494 290 5289 1492 3375 8141 2145 1707 8874 825 3288 3396 3327 1874 4566 6760 5998 8049 9655 5388 2556 7058 3964 3677
100 1224 2504 7835 3509 7363 3032 7033 8946 1134 1202 720 2207 4753 6900 9278 353 6646 1659 6748 4268 7002 4757 6193 256 6751 5111 3837 1880 9725 1766 3259 803 3372 121 7174 7737 6987 7941 2019 5513 7256 3807 9141 8295 4981 8697 657 8866 5241 4105 6306 6458 1872 6261 5798 6638 8590 6923 7789 9517 4472 1916 3501 7180 811 4204 9812 3750 6013 1715 1915 5956 4571 2289 5355 8224 9640 7220 9085 3629 8271 1684 1466 9947 7166 9415 7250 6258 7929 9608 1413 856 9553 686 9607 2036 4893 3044 5321 9585
100 7488 4362 4129 7498 1421 2817 8798 5683 9042 1854 3001 8980 1839 2367 8967 105 3347 5444 7935 5157 441 2764 7870 5919 5751 8867 7334 373 838 5106 3380 9738 3903 2430 6654 5059 8317 6097 1364 8015 9372 5301 1605 2755 1608 3823 4531 8633 9704 8638 6767 9386 8955 6836 5651 3336 2608 8921 4596 9018 2137 4750 4002 3770 9798 4299 7863 6182 3959 6532 5846 1094 2461 1075 6115 2090 1034 3726 275 5576 5989 2139 9911 8625 1751 5091 1961 3237 8454 3463 4800 665 5336 6972 5015 2849 5257 1602 2708 3511
100 2443 7054 8142 6953 7963 4031 2569 9065 1189 6941 295 4230 9621 9457 970 1479 3611 6103 5575 3415 3633 4649 4466 3093 9686 2003 5271 81 9221 7739 6250 5053 1974 9904 1986 8757 9020 4449 758 9784 2624 821 5486 1593 3863 9335 6528 1435 8284 2257 7291 3659 6184 7154 8239 3527 3051 1122 7928 6345 2851 1914 6203 6550 562 5518 5078 2907 1877 9806 5237 3832 8669 1253 1528 4669 4618 3512 5297 1500 8585 9590 6166 8366 7274 8983 7329 5843 4097 1485 706 5366 1660 8343 5744 2978 6275 1142 3800 1564
100 3657 6898 8755 6408 5917 3762 4902 7648 6137 5557 6721 330 5093 7617 4987 4256 7747 3268 8089 4690 5838 8003 6401 1541 2375 3544 5323 3947 1047 7839 477 9155 4503 4951 4017 6897 7144 4919 8570 4380 1086 1554 3541 7316 6916 5392 2219 6977 5383 9565 5293 6847 8312 8117 2414 5819 6795 3204 6382 9602 2220 4745 1403 553 218 670 3741 8713 5952 3495 9328 3293 5984 2356 5021 5114 3960 894 9087 9452 1085 85 6861 5792 7088 2753 4074 5184 2945 6283 1355 1467 1064 5062 9373 8205 8287 5260 9305 4821
100 9749 240 4321 8574 2383 1241 1694 5755 3628 1405 6907 5864 2688 8145 7260 8260 9316 3988 7717 6830 6502 8668 9859 9165 3378 573 8958 5252 5170 9486 901 8518 1288 6288 7455 570 5348 4610 9288 9961 4614 2967 1889 6871 73 8219 7524 9063 3787 7858 479 6286 9918 6692 2906 5160 3239 3108 1158 2236 7176 1681 5517 7377 2428 2522 3312 2136 5604 9595 5443 4382 5175 146 2919 9472 5959 3627 949 6100 6506 6572 4935 1380 584 10000 9206 8791 5207 9593 4393 4023 2926 8586 2018 9721 3577 2964 9013 2389
100 5178 4591 4284 4035 3786 2551 5031 3386 7907 1326 3061 5997 990 2969 9061 3171 9186 3261 8657 2511 8174 2612 4866 8135 1645 6085 9364 4305 3224 9573 8524 4841 8458 4253 205 3514 7943 1109 1072 2118 3409 4126 5717 4692 265 4091 4294 9651 5885 8157 9392 1655 292 2581 8725 6860 392 9934 6686 128 9207 5304 5827 4118 3742 430 5264 2801 6946 7431 6714 8890 6434 3149 1194 7734 6465 3821 4178 8138 6280 3500 4056 8371 2223 5135 5223 3355 2807 8368 4869 7966 4556 690 8900 3775 16 6873 3555 6444
100 3289 4992 2310 4631 136 9453 9609 147 1787 381 4738 5499 4582 2875 2291 5796 8721 1587 3890 6575 3678 2861 3338 8108 3698 6421 6939 3368 4661 1775 4675 2609 7281 3502 3587 6867 862 4125 5704 6745 9888 1290 2343 5089 858 1317 245 3727 9177 4384 9002 8248 5131 7621 2850 3631 2016 7656 1856 1308 3318 9853 3073 1526 9158 5766 7300 6012 2622 4923 6135 108 612 5985 2778 5867 5940 6530 1087 9357 9560 3381 7410 8642 8898 9407 8578 72 8598 59 2254 8504 9100 5284 5127 1236 4644 2837 1470 1947
100 5346 8301 3227 5561 7727 4990 6354 317 1394 1390 1555 3091 3792 6758 8125 717 3188 3946 2189 3345 7365 869 8033 541 4497 3815 4476 8557 864 6370 3843 8246 972 3917 8484 4824 7949 7392 9239 3963 739 5507 9804 7435 3298 2889 7075 7395 5988 104 8869 2683 4336 5253 7965 5950 4758 7113 2066 6310 2597 45 727 1002 4538 1110 8687 3176 897 5493 5533 846 7896 8080 7426 6341 5060 9855 9123 7692 2321 7534 3556 1570 8730 597 6253 7674 2939 1294 574 4920 6797 832 5411 8351 1389 6635 6163 2121
100 4786 7133 9958 1561 528 4415 4767 5123 6162 249 9652 6787 4234 2045 9672 1888 5607 5236 1324 2845 6636 3938 6171 3559 7414 4971 4309 3539 8607 6363 3820 7573 6815 7187 2449 1535 9034 2067 8781 6134 8272 1199 3830 9533 5972 3465 9360 5537 8942 9828 5710 716 2476 4833 1014 5810 2288 5069 7853 9147 4166 6990 5120 9132 5741 1693 5042 7744 2899 7135 9022 8194 5890 3021 7608 817 1883 6157 5454 659 1815 3028 9596 1989 1536 4134 4046 2565 6856 8110 582 1311 3461 1153 5963 867 1513 4487 2251 9120
100 2527 8252 2044 9864 21 1302 8876 2914 8511 8604 8336 5760 4416 7178 478 9451 3613 6584 5634 7143 9886 7818 3417 7053 5933 8102 8550 1200 9914 1450 4872 1832 6033 2834 2542 2269 2210 5979 7664 4293 9950 7724 8532 8307 356 6788 2793 241 6868 2168 5112 8803 6046 561 8081 8377 9745 8812 4700 6478 8561 548 2988 2813 2506 8653 4820 9896 9529 189 5861 830 9005 1371 8359 6606 4856 4777 9616 4077 1847 964 2385 6385 7878 5842 6284 4726 6557 5117 4870 4001 7317 8286 3400 4385 2732 8939 7920 7292
100 6522 6111 2039 282 7347 7682 5473 1018 9776 5582 1068 4468 4848 606 417 324 5152 6908 5282 2040 7628 8882 8525 8780 8833 1184 57 8605 5623 200 4908 7754 1898 6568 1828 2552 974 1864 6538 254 8291 9800 7684 2243 7238 3773 4803 229 4710 227 8747 7413 2222 1995 4932 2883 2937 6913 9598 6571 7676 1685 1126 4205 7801 5617 3113 9959 3604 4960 3025 3468 7371 8349 319 6992 1247 8362 4517 7597 4676 7231 8709 8546 590 4892 9202 7971 3483 4871 1792 9414 4042 2231 5725 2929 1673 197 8185 610
100 3152 4243 1817 7254 3474 2174 9643 4386 6079 5913 2 5265 4037 1781 9997 3956 978 661 3737 4667 1039 5670 9058 1977 2238 3134 898 4186 9348 6130 5663 5057 6750 1719 6712 2661 1934 5528 3774 1375 9627 1778 7216 2950 6681 4255 1178 5888 7425 1098 5322 4527 3155 2138 4643 2456 1062 9873 8576 2718 8634 9610 7563 7757 2325 7838 7086 2421 4627 4798 6904 6650 4310 1743 2206 366 4993 7069 61 1138 4926 1770 7137 5283 3653 8565 4781 1982 2672 9623 412 1544 2524 4229 5957 6757 8933 4012 1074 647
100 3013 5877 9167 334 5026 2844 5660 9478 1143 1455 3535 1342 4783 7567 7698 7902 6237 5973 6198 5313 4375 6183 2015 3321 8776 4696 5825 6006 8823 7036 5251 6933 7570 7319 5446 7639 196 2405 3708 1445 7168 8061 7487 4353 9332 6825 8875 2429 694 7545 9770 2662 9631 8067 3031 551 8329 7286 1676 8147 8415 6438 4640 9866 7015 1646 7948 7865 1055 4138 1953 3006 5049 5992 6259 1054 6144 900 12 5100 8562 8077 94 6919 8751 2144 7112 5955 8631 7771 5791 4073 1147 4859 2619 5969 1706 7671 6823 1368
100 9254 5945 2439 5156 5254 3263 5822 2779 4069 4441 9023 7843 4270 1441 5500 9092 4308 8326 2782 1794 8266 6190 4068 8521 3356 6519 7022 1803 9635 3018 5461 5554 2403 943 398 5696 4480 3349 4232 3182 7495 3223 5172 6763 7653 6314 2785 5190 8486 9511 6128 5459 8435 5624 4603 9815 7759 1850 9523 4913 5669 1595 443 5358 9376 9982 5262 9710 1120 9496 759 362 2037 6883 6942 2846 8265 7342 549 4606 3845 3311 6494 2940 4423 2564 1886 3125 9908 9350 2659 2853 1691 5329 5654 1913 8420 3040 3785 9368
100 6035 7768 3647 3813 6676 8896 7925 3599 3284 9922 8073 3157 468 7266 5412 6652 5705 9035 9824 907 7396 793 9900 1254 7852 2085 9876 2159 3165 7782 276 6843 3965 682 1299 8489 8457 9458 8492 1391 2341 83 4928 4665 1664 4452 9363 3411 9300 3383 3450 8508 9693 9751 6075 4173 5206 4604 6789 3690 7412 5853 8355 5506 7408 1969 1790 871 713 340 4854 3102 4611 1146 934 8087 6481 6040 8259 8613 591 8258 7657 9237 7790 2999 5387 4264 3164 6220 8188 4078 3836 60 741 7720 7516 1089 1119 8417
100 4392 9298 5455 3558 2594 5278 8907 6165 9615 6624 6313 2282 7637 8115 5471 3655 1227 6649 1549 3827 2142 3607 4235 5380 4950 5841 8544 5327 3996 1230 8925 638 4363 7866 3052 5081 1414 5325 5915 780 3980 5818 1553 9679 2760 3456 4158 1742 8831 7460 2943 8452 5064 5632 807 9561 9884 6329 6674 743 7181 8069 1454 150 2163 465 5037 2601 7161 9666 4787 9195 1906 9296 3445 3547 7629 5697 1962 3179 7699 7660 7361 4492 9040 714 469 3904 7032 2345 7117 7755 1183 7885 5362 9942 6521 8509 273 680
100 7037 6281 1067 9365 9969 299 9406 9196 620 7065 722 8459 9078 8137 7756 5433 6730 161 2444 4976 6821 1732 7826 3515 3228 2815 8575 3426 768 9168 1029 4075 7366 5899 9712 9236 2606 1036 3875 4009 2802 9343 2106 9729 893 6812 8434 9272 3205 8715 8209 7868 4047 5844 7556 6343 7707 1306 1169 9753 3494 375 3651 1410 28 7922 2545 1610 2859 4970 9000 8843 8168 2010 1327 4088 3688 726 9248 453 2466 5504 6099 9943 6754 3934 2562 8622 6798 5173 7128 1367 3322 4507 537 4457 8053 5978 2671 7056
100 882 1943 6697 6024 244 6118 1600 4315 5823 5881 9851 157 8739 9500 7690 5245 889 5180 6159 9653 7594 3058 8481 8592 6228 6125 8533 8282 4364 6123 2795 7586 8028 3814 1056 4127 8662 5854 7592 1123 7893 4911 1213 3097 8650 9143 7325 1124 688 9589 3230 9507 1925 3121 9306 2871 7041 4057 2107 7565 8722 3581 321 4262 6071 5071 4410 9756 2787 123 237 2087 9580 8802 4817 6844 4115 3892 7772 9628 7078 2547 7115 6666 116 4010 8409 3299 9871 6687 5503 1494 3254 5273 6088 3967 1339 7985 9524 8767
100 3846 5378 9629 1637 6169 1240 7700 1163 579 6274 7099 380 5294 933 4233 679 1575 2463 8380 9109 639 1471 9019 9811 9134 1514 9581 5102 2141 6806 2127 6734 5535 8935 6664 3841 6845 1102 6739 211 4994 1385 5107 7236 3022 3825 5930 4429 1884 4491 1709 4426 2625 5103 5909 78 6210 2866 2799 4933 5824 3429 6720 8928 7193 2765 8277 6034 8456 6777 2982 2041 1486 5732 4144 3620 7358 4180 7851 7538 18 7650 7814 6657 3161 62 6249 6918 8852 8193 1966 8106 1476 5437 9926 5483 4599 640 5880 3427
100 4612 6852 1632 9720 9326 1359 5174 6770 8441 5734 7419 5883 9164 6948 3781 5085 6106 4510 4597 772 5028 494 3180 8088 6389 4867 9274 1022 6154 6816 7630 4275 1083 4465 2878 2502 3471 9966 8718 5442 9014 8693 9758 2239 3753 5272 4059 378 4116 438 7406 5309 1117 2854 1806 5176 8788 3192 5491 5566 8427 8321 5193 3143 252 3711 2533 2947 7735 6359 6710 7668 3324 2631 437 7509 2114 7829 6842 2416 8612 3644 4107 6048 1271 3376 8392 2916 6496 4478 8617 1409 9669 1193 8150 7606 5447 434 1741 2391
100 8424 3358 3689 5508 9175 5543 8768 5165 833 4519 3357 8090 6718 4261 631 6545 7026 1257 9543 9264 6949 1652 66 5332 7170 3883 6645 7155 2976 4894 2722 221 8988 2273 589 3907 4577 6553 8339 4201 2742 8155 1503 8354 563 3705 958 7607 3861 7016 1407 9925 8029 8066 2756 6042 5596 2329 4155 4654 989 1378 1640 8649 5598 1032 8620 7743 4590 7046 9927 5430 2741 5845 4448 6978 866 9878 5496 2936 7973 790 756 286 1063 5481 2193 2109 6187 9614 809 1967 8120 1930 2161 5086 4455 3738 865 1876
100 8593 1858 822 4405 9979 9108 5371 2218 2908 5141 4223 8825 2590 7913 6461 8032 2084 4831 2052 3961 1680 8644 3504 7251 8675 6073 4053 7679 9442 7211 5800 1955 2074 238 6950 4999 4668 1106 2197 4663 5729 3537 6291 8854 348 7020 235 915 2526 8031 7906 3295 8773 2717 9562 7616 5618 8824 5936 8134 5401 9209 8192 6632 262 5166 4888 5063 7998 2323 456 8113 4304 7731 8300 4749 9739 9763 1351 5331 8720 8112 9075 7799 1623 8584 7205 529 9670 1651 7991 1167 8853 7939 7362 2767 3925 7844 4782 4530
100 9461 9456 9146 1912 3612 2796 6655 7937 6446 7045 3023 8729 1769 8770 8914 7792 4390 4482 1845 1195 9740 8357 6810 6379 9021 9713 5641 5356 8082 2512 9450 7748 2841 6627 899 4033 5987 2355 9403 4901 6699 4655 396 5606 53 1505 7409 658 4593 9865 5226 7529 4260 5805 9050 630 6848 628 7299 5601 8695 8497 4153 8344 1278 1155 543 6564 7289 3360 5324 4784 8196 5866 9142 8567 605 9144 7496 6055 7670 3969 1919 9309 1823 3222 1139 5643 2703 2120 3995 1757 1667 7780 5182 9921 1960 2319 9225 8285
100 5783 3977 1717 370 2731 3719 3567 547 6738 1763 2104 1439 9988 7295 2655 672 1273 4691 3878 269 2283 524 2720 7899 2843 6675 6266 6413 4500 2658 4656 7044 7847 4322 806 7337 2528 7784 6245 3442 5420 8785 9788 6030 909 5022 1968 1762 6833 7312 2424 7440 8270 9525 8975 4579 905 4979 1562 5983 6547 5341 8654 6989 2046 5849 4561 4716 8313 760 7402 1804 6061 7401 106 8358 4770 6179 9468 3618 8997 2073 652 6419 9952 6451 418 2623 4184 5033 2326 8006 9047 4723 8466 600 431 298 9583 5279
100 746 7125 5246 6531 3335 5781 395 9313 2669 9467 3804 127 1849 4398 7959 1718 1057 9791 6325 4285 1909 3122 3225 7165 7994 588 2696 4196 6914 5799 1042 1548 9282 5045 2639 2271 6818 9070 922 519 5233 6542 7900 3735 5364 9410 6351 226 2488 6430 2775 8101 8703 1929 8173 3392 9813 9790 911 848 5144 2033 3626 5270 9835 6457 2746 4964 6450 2514 2962 1614 9352 1740 5960 625 9972 26 198 2925 664 7817 6779 335 3487 5163 9280 829 8346 3265 5450 8560 3065 8805 2301 440 1878 4528 6887 5674
100 9110 2900 8018 3488 666 9082 9387 3508 6402 7451 695 272 8363 2673 9031 9761 5719 875 2535 2482 6160 5416 4724 5339 859 6076 5149 3768 297 5532 5538 6158 7394 1452 2561 2997 602 5382 9895 39 2347 6405 8126 7507 8566 7641 4450 100 8059 9016 6356 9656 9592 9735 5609 3004 4819 5211 4549 5721 271 8629 4743 1818 4853 7532 8151 645 5118 1592 8297 8750 5263 3560 7389 3190 5548 4278 731 2208 9256 4515 6588 3706 8303 1842 3569 5213 4502 6497 1598 3476 6529 5803 8447 1136 3852 1524 8119 9820
100 3367 9883 9605 5529 8926 2896 2825 5695 3266 1699 6289 7557 7736 1927 9848 4238 7087 660 4289 2152 4339 5525 1131 1669 3991 4513 9454 9235 3645 2281 5370 305 6243 9980 6344 397 8293 2901 2979 6945 4008 7554 1489 7914 8109 1642 8094 1830 17 7962 4986 2113 6622 8540 6233 5052 9637 3606 8951 8418 7270 3421 385 8674 4433 6857 8020 3713 4296 5534 5870 3835 68 7197 2173 1813 518 3063 3172 7264 8273 3954 5773 1026 6765 8478 7227 9071 8375 4145 111 3739 4150 3439 2498 5745 7625 9584 1417 2580
100 5488 6209 5602 4731 7778 3114 2410 1603 4086 7224 3444 90 9170 2534 3976 3885 6619 88 7173 5937 2736 7685 8376 5267 2892 6866 6520 2131 7715 4052 2826 7108 9957 1697 9259 5121 2417 1477 1118 782 5315 3772 8263 3869 3460 8327 6272 4106 9501 8682 6785 2175 8014 7215 5361 5811 3605 2592 6875 364 474 6087 5234 1656 5834 8253 9854 7459 8476 1879 8199 9762 107 394 8513 5932 1577 603 2172 5255 2435 7146 481 4276 7725 8318 152 9116 6221 4192 1269 5119 8182 5428 9043 7473 1629 9268 6585 448
100 6400 2921 8885 500 9382 1517 7955 9899 1174 5457 2933 8382 4394 4662 3187 7916 9227 6696 3582 3554 4319 485 4511 452 805 1331 2032 8707 3833 3210 7454 9103 3105 700 9852 2632 9381 5480 1579 7615 6240 2064 2117 3866 7677 5801 8502 2487 2638 4521 4015 8658 6468 5552 3840 5308 1357 2302 148 3601 6596 9055 6101 6605 5445 2647 4900 310 3385 8990 7832 5817 4154 4720 1516 7749 2296 7505 719 6298 4395 9222 2194 3308 4434 9499 5413 6630 3635 270 7142 9048 3589 4835 6938 5711 2082 6926 4641 7059
100 9349 7600 171 6142 6371 4794 9062 8453 8689 8588 9717 2780 2148 3664 5400 1672 912 7448 1896 6562 8070 7665 7213 1674 2027 4445 7710 4703 3920 6639 4648 4354 3679 2611 4349 5008 9223 4189 5738 3650 3479 2418 7242 5342 9674 3648 7100 2316 4489 1599 178 2276 857 6971 7822 6460 9953 7485 8904 2791 5571 5747 9839 4838 129 1140 6954 3270 9860 8394 1799 1164 9224 6819 5088 3791 2460 268 1323 5116 9287 1325 33 9049 1755 9409 1583 3437 4182 6105 3849 3745 9834 4966 6726 1303 6604 7798 2953 3038
100 6326 2165 7379 4868 2451 3027 1785 6231 4019 5040 1099 6418 8636 1765 50 3362 4889 1689 3233 4896 5982 2477 7124 9671 3201 575 7018 4198 1100 1461 1518 7950 2357 5239 2108 1170 6120 5139 4217 6426 7203 7869 5070 1822 9340 2681 4085 2640 1841 3911 6417 5563 8202 2758 6368 7584 3154 6279 4672 9750 4925 7183 2692 2877 655 8515 9977 9214 9489 4686 2710 5210 475 3203 1780 2773 7469 2811 8030 8162 5942 7009 1215 4695 263 8198 5605 2788 6095 4755 8742 4909 9475 1712 7467 9390 9726 4508 4915 2183
100 3696 2584 3236 6928 3619 4938 2395 4122 8523 593 6009 7669 7188 8531 5564 7315 5833 7050 5474 6548 8268 8386 1942 2049 1168 2412 3695 8949 5215 1546 4580 8610 1777 4812 3865 8977 1088 6090 749 6651 814 6703 5132 5626 4095 7195 5668 4483 8859 236 9594 7619 2423 4141 5194 6091 904 8289 9416 5027 232 5054 5680 4100 9901 7613 7116 3048 27 3860 8601 5856 8580 7958 5396 4940 4827 634 2388 2738 7118 8714 7258 1774 3654 5214 4140 3819 2264 9438 1607 8467 2915 3304 6026 1360 8068 4222 7005 4414
100 6176 2618 1860 5269 8170 6011 4287 8821 5243 2164 2097 9905 732 8758 5536 1746 8677 3882 9028 576 3373 9204 8579 2891 8863 3933 6556 1571 2752 6504 9846 3369 8360 8021 3213 4754 4576 6467 5644 9808 8648 7783 6153 3255 7063 6192 6826 7805 391 1893 1829 8010 5951 6122 3026 7824 1881 7526 8555 2910 9781 3202 9191 9466 6 3997 1508 940 7478 4273 5893 1949 1132 3433 336 5814 3250 1144 87 5648 6316 2737 7383 9907 7548 4200 7082 5887 411 601 2158 5300 5572 8279 7861 3037 8809 454 9829 7846
100 1527 3926 9327 1922 8811 2211 9140 8999 7819 7456 309 2065 7954 3936 1404 6669 2525 8206 6045 4320 8180 4237 5153 9097 4694 3095 8774 7598 5438 5466 2125 4823 4719 667 7444 311 341 407 7764 9104 79 8463 9102 2100 517 7011 611 7492 6683 5363 2574 1291 3621 9555 1423 4587 8385 5171 7912 1596 8352 7008 8539 8837 3802 9284 3844 4459 3720 5463 1232 3403 2602 5707 6369 5655 3591 9107 6512 3691 4617 8858 3755 6865 2917 8124 586 1923 5357 2909 2599 2226 3077 1807 724 7716 7726 496 4996 2059
100 9210 7791 9817 1393 8800 948 9433 9734 2349 9216 2750 9701 4274 1058 1289 360 1978 4041 9506 540 6805 4298 8637 2930 2294 7891 3156 4725 9579 6943 8836 5874 2191 9514 2187 9658 6706 1793 7631 9245 7892 5802 4855 2359 6722 3848 255 177 7344 6780 1077 3390 3722 1662 988 9727 1442 7649 3147 7294 9355 5249 9443 5436 3473 5701 1021 5577 1053 8893 5350 7713 8236 8879 1861 1540 6589 1180 7465 5777 1885 7273 9968 5407 4882 6036 1613 3443 7611 9917 5857 9249 4905 5551 3029 4991 89 4185 2081 1041
100 7806 3565 5424 1844 8114 7809 6864 1811 2377 509 4671 6882 3923 9603 9765 1984 7830 1347 8105 7875 82 1951 308 9153 8361 701 3897 5240 6608 6901 8127 2232 7158 8945 6020 8085 421 6976 1997 8789 7796 446 3617 9080 5317 8672 3084 3253 3193 4202 5586 5636 6732 247 3342 482 413 4605 6232 3220 3242 358 7574 987 2897 5244 4701 5579 7103 281 3730 6660 2868 9527 6021 767 2129 5316 1456 1460 9295 8862 6736 9867 5650 2233 4766 8451 8832 2863 5044 267 3211 103 1478 4548 2913 5546 3139 3704
100 1621 3333 8948 9863 6060 3076 163 7647 6185 2857 9188 3767 3132 8680 9088 4534 3351 1406 2169 9086 3314 6552 7297 203 5229 8841 5501 1259 7919 1066 342 7424 1636 4040 9880 5288 9702 1446 2229 8369 8381 2873 9606 3702 4471 4451 1209 6411 9205 2299 2628 414 5723 5314 3790 5850 5929 7436 6067 1748 2119 7860 9156 5649 4973 9890 8976 4490 9897 4620 6744 8771 2644 3529 4972 7542 7416 9066 1316 5975 9771 7391 9289 8404 2060 2902 2586 6092 8395 2577 2539 3505 6515 4505 4789 7153 7981 2918 778 4842
100 506 3060 3282 8766 2095 5637 9339 8623 1767 4259 2654 4221 9148 1496 8158 1343 887 837 9574 1851 7693 1802 7322 5542 2557 4164 4688 9715 8405 1688 3082 8004 1628 8599 9115 1162 6685 6524 2012 4016 2543 4802 7712 3412 1782 492 5023 3687 1837 2105 2922 2406 6375 8425 1258 2293 1386 5954 1797 3783 824 9292 9785 1668 3440 3281 8178 7031 8686 8292 1581 4024 4342 3279 2653 3144 2364 9317 1177 1920 1472 4263 2956 4546 6782 6974 9182 6338 6507 3359 4096 442 4953 3186 3850 4912 2352 1225 7427 4246
100 2275 3782 7253 5409 8407 6746 3467 5756 936 751 9426 8274 3590 7785 577 2133 416 9176 3530 7531 786 1975 776 3264 1265 7405 2115 668 2200 2261 8671 1366 5205 9463 3137 5550 1346 8372 9459 827 3979 2432 5761 4283 6007 2372 7278 1337 2346 906 3296 5516 6781 5727 6667 2549 6628 9255 2971 2413 4543 2942 7788 4565 4063 4762 5109 7490 757 730 8793 6215 5687 5385 7336 7240 4458 1374 5485 3665 9266 9872 180 2830 2021 6435 7834 1497 7686 6615 9571 303 5199 4369 4822 4142 9122 831 5580 7501
100 699 8970 6317 5259 3784 3623 9094 7776 6377 6309 7049 5686 9361 5067 9208 7873 6308 4746 2190 5900 5056 2809 9081 6970 9244 6600 172 1980 9510 762 3352 2499 9128 8611 6920 8390 8445 7905 4910 8276 8391 7470 883 1048 8000 791 6828 2893 1249 35 5872 1704 1397 3609 6968 6876 9041 7918 3315 63 7035 4470 3805 1097 5750 7575 8848 9937 8132 7751 6631 6227 3974 7705 568 6688 9822 3478 508 8421 4883 6802 4693 5209 2350 1484 3683 7222 455 971 4169 4840 5556 9843 2674 8943 994 2340 8845 2816
100 3260 8630 1027 8191 9166 8543 6979 473 4737 9228 3303 6378 8673 9976 9276 9474 6205 820 1352 5974 6475 2660 3608 8398 6574 1030 432 86 5398 2675 2474 1051 2126 3118 7239 1297 534 159 9920 9572 3241 3128 7518 5886 7714 8181 8754 201 9660 7585 6225 6644 266 3828 2309 1307 5452 4858 8471 1679 8587 3098 4681 9826 9831 1559 7770 9875 2280 5352 3030 8370 6196 4444 8483 5894 8176 489 5001 7333 6602 4733 6566 6380 8156 2422 5151 8039 5197 2080 2475 2847 7437 2363 1444 6800 7614 675 5986 1568
100 480 5722 5831 5373 4026 7774 7385 9375 5094 8184 9008 2607 8728 1141 7066 8011 2320 7833 5419 1537 6328 9291 125 6027 1558 5381 4678 7346 5927 7074 3851 4747 2887 7927 7000 5875 2823 6292 3870 3140 1369 9281 9570 8810 6771 6500 3602 6755 2112 7582 8402 1112 1398 2371 1333 6127 7923 4481 2723 8146 7098 288 7890 4176 2455 2721 8139 9931 8233 1539 2031 3945 155 3106 950 956 2246 4977 5425 2386 4608 195 4619 4541 2772 6353 6975 1049 4811 4885 5531 718 1145 9877 7048 2500 6063 2287 2415 702
100 5467 8136 981 3300 1824 6984 1261 326 3510 9398 6086 673 9333 9157 7177 1233 8414 2445 49 2327 9847 9892 1708 2167 642 1940 7520 7102 4418 4844 5192 7559 5137 6924 8891 4218 2030 9286 6998 15 8001 6881 2912 7311 4147 6591 4135 3074 47 1381 9850 9778 9251 8506 9805 7816 998 2419 9420 4988 7105 3588 2248 7571 8177 3572 7999 2481 1221 6906 325 1451 2437 7864 2842 8482 1801 8056 3649 1545 3893 4752 1648 4419 4359 1203 4061 4248 4374 2038 4699 9311 7502 5977 3391 7147 2532 4887 3924 7746
100 9639 4044 6005 8163 8074 9630 7245 954 1733 6634 6453 4801 7703 3951 363 5414 6593 3666 9567 1547 2387 5633 2682 1696 499 8804 1483 3752 6893 3399 5560 6490 6485 4495 1720 5083 4734 6927 1125 8934 1353 1654 613 6659 7028 174 2558 1944 3414 9833 2838 2766 4907 2949 8493 9400 7499 5659 3389 3283 7795 9218 6510 6304 55 2567 2304 5460 6260 5051 2324 4775 2272 7655 6290 3553 9748 7758 8959 6807 1114 6894 9001 7196 8726 5014 1013 4123 6967 3680 578 5394 9703 3796 4792 5752 8840 3485 5573 2431
100 3002 7232 5138 6263 2694 7027 4847 6083 2013 5016 3244 3092 9711 3777 4367 8794 1983 3570 9130 9694 9915 4698 4615 7463 5653 5657 2576 4210 6256 5661 6078 913 6214 9685 8775 5884 6936 2700 9657 71 6492 8365 7234 4974 7859 7932 3763 3428 9314 5715 1863 1729 6741 2951 4659 6010 8118 6820 2492 1597 6367 9383 1786 781 6535 9700 6859 6633 6084 2894 6484 264 1698 9695 9508 4917 1525 7185 2025 354 3168 3873 2076 8022 5092 6637 2116 8348 6996 4381 3199 7761 3699 3033 9893 4475 1700 5685 7623 2548
100 1565 2828 5303 9869 5967 3452 5510 8164 7926 212 9667 3668 7786 7352 7148 5903 3531 8849 8706 2205 7252 4159 8783 3499 4327 3178 9540 2839 8688 5748 4687 7850 7249 8764 1276 8670 8410 6700 6167 5029 7226 2507 6152 8994 3639 891 7013 2880 3066 9271 239 9446 1498 9929 5183 4814 4965 2794 3217 1070 8963 6131 8183 4818 6925 9604 4638 9582 6824 2470 1810 3889 5074 7121 7369 3475 4007 2256 3968 8378 8005 3518 1465 7374 7910 9975 4864 5928 458 9919 6432 4417 3756 7029 3808 7915 7360 9201 2730 5020
100 1295 2740 2182 6693 8013 1542 188 7550 4067 9344 7014 1957 7330 1836 6352 1005 740 2318 2308 9709 4761 4092 7348 4334 527 7304 7560 4540 5700 4443 9699 3142 8915 7157 9973 5476 7933 8917 1388 4529 6113 5562 7938 7977 6025 2496 6132 8918 4843 2771 8872 6643 9566 243 6995 800 3055 2440 8736 4324 4358 9347 8247 5966 8888 5395 2093 2510 3872 2099 3466 2186 4435 8952 4947 5140 4934 3721 766 3906 2948 9152 6039 4514 8428 8732 3928 234 2537 5514 9269 9483 9149 2733 9731 6145 44 635 5991 3197
100 7610 9125 8215 2472 6822 9548 3294 1744 2053 6293 961 8512 2408 3436 8210 1156 6581 2263 6694 9945 7911 487 8847 1338 7370 4581 4251 9910 3120 3637 7378 9732 8596 5759 1994 6764 6769 3692 5492 7474 2920 1937 6018 8071 8895 3758 3243 6563 9599 9882 4537 339 7904 7263 7680 5224 9010 3985 9923 5505 3361 5000 2509 5922 2259 9006 9380 3393 8379 4102 6094 5953 7279 4430 7323 4124 982 2860 2761 8932 1661 2198 4929 7930 5762 9716 514 8897 2905 382 626 9518 6255 5709 7021 3812 3070 6038 9718 4
100 1730 583 5549 5096 1459 9321 4685 1855 6527 643 6503 4904 6324 6554 9322 3035 2393 8280 9396 3498 9678 7380 2613 4266 8536 1796 231 4884 131 6991 2517 8123 8403 5568 7241 9297 515 6479 4136 5774 4030 8228 6766 2354 6207 217 8041 5708 8962 4730 8055 9093 8923 156 2468 9687 2374 467 965 222 7931 2328 7706 9112 9746 6206 3453 5621 5797 7093 2990 314 4862 422 9924 9484 9823 9986 8261 9190 2017 1677 8664 4104 3978 9906 3839 618 2646 8573 3292 4297 7126 6783 4060 9995 1521 8433 7194 8991
100 439 6791 2805 5639 2560 8275 8257 6031 1024 6218 2571 225 3517 2657 425 7849 2122 261 9683 2135 585 7012 4351 5672 5365 5441 7742 2043 6731 4539 4679 7025 8060 1383 7741 6023 4193 6116 4722 4272 6488 4498 5935 2083 9150 280 7997 6296 771 24 5084 3310 892 6156 9240 8679 7972 6149 1399 9279 1963 7324 711 7019 4728 3999 7840 9477 1222 5490 8992 5379 3597 4330 3404 1219 8009 752 3842 4032 423 9841 9408 5976 401 6164 4453 8432 5375 9307 4281 8873 7535 7228 8235 4504 3891 9212 390 9891
100 284 388 1298 8446 158 5343 2870 3309 7156 8902 4828 8023 4771 2596 424 2806 6640 3343 7453 323 7345 4956 9675 872 1076 5344 2832 5464 3267 3491 3408 708 3117 9310 435 8643 6935 4181 6570 9789 2069 6412 3593 6603 7811 2727 139 9951 9479 530 9659 8696 4027 8408 3042 274 9354 9098 7217 6331 8953 5882 6349 8520 5731 3660 3248 6191 9038 2237 7537 6138 5583 3455 3519 4090 6523 992 1928 8331 4172 8553 1835 3332 2570 5871 957 2061 8104 199 2751 4632 7876 6952 6415 5638 4168 9056 7191 3780
100 8027 8616 1890 3942 1938 6294 9211 4111 3135 7106 6937 4742 5547 6851 1447 3330 2400 367 8153 8828 2589 6930 2215 6278 4485 999 7766 5635 6912 7503 4412 5553 3170 347 6541 7956 3215 8161 4944 986 9551 110 2996 8777 841 5274 6480 9974 8190 963 3761 4890 5943 1576 3622 4366 969 7381 6715 7552 9647 4963 1875 7989 3398 8237 1768 8615 9689 9460 6560 8681 6513 6792 2401 9989 1319 6065 9455 6456 8479 5310 483 3709 8886 2253 9435 4208 3600 215 9547 5104 4559 4440 2803 8016 4574 6702 775 6001
100 8889 304 4873 3085 1192 9334 4356 2641 7114 8765 9046 3717 2652 4961 4768 2555 8465 9889 9270 4946 2691 7984 1080 8238 8909 7004 4396 322 187 2776 4763 9941 1622 9978 5588 8487 6044 3765 8416 1981 1773 4645 7169 5667 9089 169 8324 6768 3496 3256 7313 9030 1563 704 2292 8979 9337 2459 1582 7076 6878 4575 4650 1025 6668 409 8338 7139 8384 5367 9535 2390 4213 1231 1171 3337 182 3235 2812 3419 4578 7052 2497 1008 8639 3681 3868 4682 9052 3425 3684 1220 698 6295 4660 2748 7477 662 1812 8097
100 3365 9425 3153 3886 3915 5191 4865 4352 4878 8494 556 9498 9051 9185 693 9777 1127 8660 2337 5472 6648 1653 387 2333 5835 3929 697 29 3899 2792 4265 9329 9519 5368 2270 3167 1420 2007 2975 8288 4589 7578 3317 233 8474 2005 2699 6587 6514 3273 9522 9485 2553 733 7479 3847 7975 9491 5793 4161 84 6470 4379 8514 7162 8048 804 828 3234 9197 7633 5526 3757 13 3320 8148 9045 4998 3571 7343 2800 3957 6114 1205 9645 6222 6340 1396 5625 9646 1188 1644 7038 8906 4506 257 5405 6884 8761 8353
100 4058 3185 4372 787 4931 595 1214 754 6016 4427 619 7889 9650 5968 3994 985 3642 5340 278 523 1079 4029 4371 5673 3513 52 9241 8203 2348 6262 816 6670 6004 6801 1736 3274 7924 6155 8982 9091 4785 4170 4216 3675 750 4131 6360 3016 674 7945 5002 2763 7259 1212 8356 2819 3718 4952 2544 1246 2598 5852 4759 2974 371 220 5196 8624 1840 4634 4680 1226 5186 9106 8741 4014 1933 9714 959 54 6096 8548 594 7109 8051 8534 6609 4621 4765 3788 2864 3746 1453 559 8213 4388 1569 2705 6997 6003
100 8019 4066 6487 5558 2923 7398 113 7094 7221 9036 3789 6069 1745 5095 5090 277 9323 144 6362 7605 8790 1538 4939 7123 9053 2203 2042 7429 5584 5646 6110 6246 7298 7199 5679 1808 2381 4291 3540 5830 5136 1037 6879 2789 4861 5130 6213 6983 1666 5456 7268 9385 1534 6625 9782 9744 9741 6032 3036 2398 7085 3068 7277 2814 4258 7803 4083 9423 143 2689 9539 7874 4120 6579 3831 6837 1264 6620 5544 3710 7131 6886 4958 1000 3902 8510 4378 5453 8978 4886 7566 3100 1971 9136 6425 7136 5220 1283 7283 7338
100 7753 980 4038 8652 8038 8267 3943 8887 8065 6014 9431 1747 8342 6704 7992 2262 7275 4636 8870 6477 3918 5306 2954 8063 351 8374 7210 8341 6486 1129 6285 4542 9515 4927 3524 3829 538 3010 6265 6735 6680 1275 7450 598 1560 6985 7953 9318 6277 6226 4769 7466 3086 3109 2786 5426 5724 3887 7010 8505 5268 5692 8554 1296 4830 154 5730 8250 8744 5610 3610 5749 4569 4070 1821 400 3313 6464 4520 3249 7797 4554 7888 1207 1739 5770 7080 2591 5432 450 2769 7284 9719 6691 9898 596 4292 888 7842 4117
100 1529 2188 728 5829 8470 3364 572 2267 186 3723 3896 3078 1340 4269 4891 5594 337 8130 1045 5921 5593 5422 3838 6586 9401 6809 1234 9825 9131 1657 7883 5038 9932 3766 9949 7382 5971 5129 5530 6217 8430 7898 8924 1779 5133 19 8594 7471 705 3350 3895 5996 3658 3280 5591 2856 5868 8469 7988 5228 2404 3067 8314 5337 9832 9591 501 7687 2086 5949 9990 5995 328 8503 300 8107 5839 4880 6623 5025 427 6811 4955 8564 8122 1309 9293 7588 6537 9449 5678 4898 1788 4639 8712 5448 168 8552 9126 3216
100 408 1370 7417 8095 8399 7691 3401 2714 3795 9441 4025 8171 7728 9946 9219 895 9341 3811 9220 5434 6300 7244 5925 7388 7326 5628 9528 4705 5146 2886 6151 486 6335 5155 41 9844 550 3024 2818 6711 7530 5790 7327 7497 2924 8340 8690 3748 2884 5878 6299 8600 2508 6439 4461 5767 9105 4774 4048 9903 9558 9402 2029 5754 2242 8731 1620 5066 4477 38 8738 7622 8807 7097 678 860 3127 7603 5248 1267 850 5858 4376 9367 9119 6305 4713 7468 4553 9816 3900 1904 9680 4914 1304 4816 4436 134 316 6724
100 4420 6264 763 3526 4598 4709 1783 6590 2952 8529 97 223 1186 9642 2664 2153 207 729 5235 5905 2130 5821 902 966 2946 2984 7007 1985 3910 5720 8383 3520 3922 2981 5509 2228 1038 6254 5820 5185 8944 2462 9619 1217 4545 5181 6146 7332 6888 7198 2745 9411 3532 6241 7632 2313 8254 5772 9079 3305 4558 5555 2202 1530 4735 1873 149 9885 9568 947 810 9421 4335 7802 6962 7982 8749 1204 449 1305 5706 9526 9767 2394 1615 9747 7422 1952 9541 592 3799 6334 4697 8957 5569 903 5585 4271 6915 3919
