100 10000
100 9215 376 5305 7047 6776 3091 4052 5360 9812 6297 9743 1489 684 6541 4288 5958 5610 4776 1696 4518 3502 8415 7491 1858 5986 3944 8057 3183 5491 6135 1457 8650 2373 6188 4062 8100 3272 7968 3982 6542 1726 3429 1435 5913 1150 3585 4595 4276 9099 4474 7185 6648 9490 6692 1684 3121 1109 4739 3250 8069 499 1211 5903 1687 623 6286 4620 7312 2367 9303 596 7391 6670 2135 9072 345 84 6782 3079 9204 4390 8570 5973 344 2136 528 5037 7161 5471 3765 194 133 2449 9688 9178 732 6493 8779 3251 1787
100 8323 3789 8255 8925 4948 8444 2490 5157 9089 2578 3687 6794 6783 2940 4222 5284 2127 8062 9757 2144 7314 9033 5143 3441 3211 5256 3841 9114 5387 5636 8765 7794 8077 7646 7371 3205 2379 7095 4378 6868 9867 5694 81 4111 715 2393 4690 3217 8028 4674 9589 347 471 7710 1713 6812 1826 8588 7814 9870 174 2700 4352 2571 7735 6408 3430 8568 2645 1952 766 5493 2041 7931 7683 1261 5407 5576 4155 8763 2200 5071 3558 9162 2925 9140 7192 6184 4942 6524 9617 4093 3273 4005 3544 379 8515 7209 400 4085
100 1562 4705 7306 4991 8405 9141 3286 8616 1995 6389 8126 8989 6290 8883 1577 3395 1656 4427 4501 4142 8788 9153 8829 3726 3751 4399 4633 4372 2225 94 3988 9784 1280 4686 4447 6086 8236 4104 3040 8578 901 5281 1574 5841 375 3396 7692 2093 5723 5844 3819 1068 6177 3215 2030 8965 7453 6963 8312 1719 3800 1560 8037 9830 24 2596 4159 7588 6434 4927 316 3598 7963 4087 5890 6048 8985 632 2717 8846 1576 2817 7639 6731 7911 8977 354 8867 3467 1225 9250 5066 3622 9075 7781 5843 5389 2961 5361 3507
100 423 2811 1330 6013 3115 6623 1976 8740 4986 655 7243 2621 1505 1466 9932 9608 2386 2192 4954 2090 7281 3628 1653 1424 8871 5562 3874 1549 7127 296 4073 9282 3664 910 1960 240 6725 5044 5327 3277 5158 2849 2866 5993 8222 1310 7480 530 317 2366 5211 9094 1688 7046 5240 416 5204 4750 4431 8546 4728 3955 223 6804 3144 5192 2973 4707 8797 9307 9424 3861 7322 6427 9501 7834 9411 6896 6068 7553 5043 2374 8632 2737 502 9728 6368 3645 2357 8892 1958 8356 5638 1897 5036 9553 1988 3848 2305 5506
100 3428 4718 9521 6448 8845 1725 3556 7982 1565 214 1012 3508 6847 7765 6744 2205 2798 9557 4863 4502 7376 8793 1624 785 8407 8966 7950 233 7257 3886 848 9624 3724 9467 8224 1470 7645 7863 6668 3238 4532 5789 1064 7835 2146 6883 7995 3339 2165 6855 7818 5894 281 8581 100 3122 4720 1316 5236 5376 270 4731 5116 3487 7549 3014 3714 728 8744 5032 929 8025 8022 2598 4179 3057 2390 3590 1973 8083 1682 9925 8904 2733 1791 7177 3401 6439 9683 9197 6347 4262 5132 8563 2814 9261 4008 4599 8266 6882
100 4576 4944 549 2545 2810 7292 7594 1380 8732 2845 8324 8642 8695 4096 6131 2122 143 1311 3857 6735 7199 9288 6573 2462 626 4754 8842 2594 5830 1379 5584 2015 9729 7777 9846 5905 2955 2311 4630 6134 9510 3579 6577 7062 775 8920 1561 6555 3201 2932 2980 5375 1594 8030 1961 3023 6894 2887 6857 8746 9782 4788 9426 2471 4906 8035 9643 4224 1631 4701 4483 1486 1079 9724 5328 8580 6640 7676 5161 897 6418 4932 3026 912 9182 8027 5257 5251 6716 8249 8638 7366 795 1388 2079 7475 4112 8677 2331 8101
100 2187 7462 788 3462 1711 2612 661 8767 9287 7240 419 3657 4014 2526 7266 9371 294 4257 7668 6647 9120 6657 9656 9942 5628 9745 4651 1368 191 7428 3073 9152 8626 4586 4578 8551 8111 2821 5603 4891 4743 7323 3761 1017 6509 2897 8454 4962 4311 6180 7026 8634 1872 9956 1267 1764 396 2720 7993 7974 5210 4172 7892 2034 5016 2001 2265 8375 3885 3755 4920 5873 7406 1480 2634 8522 806 9408 7523 8974 9198 8168 5153 5476 7512 1351 206 4957 4858 1559 6697 734 7213 7482 3624 4411 8218 1158 4361 2600
100 2577 2140 6425 7715 9341 9418 758 8308 6612 9549 7928 3383 3550 2175 1302 5336 7020 1839 7672 2195 1369 2515 7714 6774 1431 3442 5923 7660 1378 4825 2369 2675 7024 6481 1213 1773 8565 9810 6166 8694 5868 9312 9778 9507 8439 4733 2131 6056 4453 5526 1438 5775 5517 1861 5226 719 9119 5692 7473 6597 5968 399 4736 3210 7190 9343 7101 3038 5415 2967 6320 5012 3717 5380 5182 6484 6095 4667 9539 9717 9270 3247 3017 7405 5557 9519 4492 283 7336 3275 8490 1170 1144 669 9133 124 3799 695 9748 5467
100 5221 1819 6807 4043 9126 7873 6061 876 6463 3071 5245 6686 6241 992 5571 5764 2679 2771 6199 8079 6468 1487 5341 9090 4820 7796 2968 6787 9382 3887 5793 8425 3671 7769 9294 2138 5265 7695 2161 7119 1510 4204 301 2452 4158 5933 9689 1863 1650 9038 2665 9789 3644 8221 8686 6018 2021 1981 1293 2248 481 6485 9983 4765 6560 7332 6878 3632 8727 9425 5761 9459 3589 7569 222 8076 1608 3610 2888 3776 2483 1915 9019 5248 2876 1733 2460 2764 7657 146 5230 3421 3326 6955 984 5435 1803 5881 2951 8349
100 9200 8136 4506 9362 9814 2609 3770 31 3745 3639 5759 3601 5068 5238 1754 8265 7459 8562 4071 5988 5283 3814 4642 8456 8167 5316 3134 7097 3730 642 3199 4078 192 8833 5176 6246 7848 1139 7629 9730 8656 4049 8907 9762 6346 4590 7106 2542 2707 4706 385 6500 914 9716 8715 9740 3782 2791 7337 657 5087 5452 9916 893 2095 6518 6062 8128 7035 2327 3802 8165 6495 784 5196 176 6823 5046 3404 7103 8091 6616 3791 5329 5696 3440 7502 6660 9054 7505 9095 7354 8225 4513 4874 9125 9346 7184 2745 1198
100 3223 7525 3927 8987 8350 8384 8567 8399 9239 8288 6602 7908 9588 8527 3619 9449 8627 1832 2324 3866 919 6263 2059 6458 4302 6103 3983 5999 5124 1209 1652 6650 6889 9586 2797 1377 8063 5038 4575 6631 9765 6548 6930 3469 5559 3008 3330 5516 5418 3329 8455 7757 9892 6737 5531 4182 6765 3750 8639 2746 8808 1913 7990 5021 4742 8986 6791 366 7997 599 8509 417 934 7874 856 9571 6294 4861 1701 4936 9811 9329 4141 3113 5388 4472 9794 5144 1591 7697 7417 5131 1058 1083 9971 8298 7543 6707 1884 4233
100 1374 560 4385 6554 1963 4450 3292 9224 3162 339 3915 8995 1265 8508 5742 6914 3029 4192 8166 2064 7300 1879 5580 4924 4428 6360 1203 3398 3304 7307 1304 4893 9404 4157 3727 7937 3813 6364 1526 1635 9815 4528 1427 8814 1784 1910 6426 3100 782 9866 8702 1616 8685 7299 6457 7262 1408 4038 8018 4261 9935 6012 5385 7121 4193 7128 1253 3455 4530 5803 9112 2966 7780 1453 4208 9974 7232 3059 1315 3681 275 8739 3167 2555 4546 456 8467 2672 8597 1975 7637 5895 7162 9359 3464 3672 1525 7633 4475 4894
100 9241 356 1544 4853 3042 9897 5335 1901 1792 4544 2871 2069 293 697 9698 5522 3560 5859 7861 9524 9859 2076 8056 6172 3427 9802 484 3035 1672 1640 6169 898 9912 5578 1509 4081 2259 6710 6226 553 1338 5322 66 9387 1647 8530 5438 4425 8410 1448 3309 8776 2903 171 2584 9742 297 2147 7994 2982 3731 136 9602 9136 4153 5850 4023 6395 2950 9173 220 1903 1502 2755 3088 7207 4780 9601 4709 8070 2509 5970 5805 2035 4370 1736 597 1046 9768 5650 3486 4402 8975 3033 9284 9684 3897 2296 6037 3966
100 863 7786 5393 9039 9612 569 2563 6836 3245 4199 7071 9251 1396 2227 5391 9349 1060 1230 2385 2877 3064 8254 2304 3807 7673 361 8328 4129 2673 1243 961 4207 4471 2378 2858 9293 8980 6359 1182 8046 8252 2911 2480 5563 7178 7282 5797 9278 4162 3349 2641 8489 4050 8081 5630 2939 2991 9452 6841 4997 2 4903 933 7793 7728 5995 3143 9543 1296 1800 2178 9059 8094 4304 9611 9257 9577 1678 6317 6606 3195 4901 9652 1422 7089 4143 9148 8633 583 811 6139 1614 6527 9751 2573 9017 8493 1199 4589 4631
100 6624 9154 1363 7651 3534 5641 908 1186 2361 6423 9304 4138 8477 2724 2177 9313 9613 5998 3239 558 772 279 2922 1335 6905 1193 7122 1191 9132 3082 7819 9369 6181 2923 8401 8348 7517 325 1751 5358 6100 1312 2889 723 2380 2916 5776 5609 7458 7077 3106 7249 7930 6372 8911 6959 6596 2121 9044 2630 4358 2500 2605 4692 8599 9677 3567 420 2915 678 5459 5954 2718 3299 1354 6041 6445 3027 204 348 6069 2739 2622 2083 8752 6242 2255 5134 7912 9692 5807 5812 5045 32 2414 167 4206 5866 3675 2212
100 7061 7104 6202 5423 6830 7575 523 2365 5478 7409 3831 834 3504 2099 7276 8899 4912 3139 9212 5411 7365 7977 7680 130 721 1968 9135 1476 5104 594 6829 4326 6386 7702 1876 6545 9169 8653 5412 7841 4527 4097 7962 126 3185 4236 5003 9627 8705 9834 7783 2110 1080 7441 1459 1955 8665 9041 1919 4764 8521 1118 5224 6128 8017 421 9669 9358 2655 5059 6818 1592 7598 1668 5728 9969 7308 9060 2047 6920 1937 3635 2498 4135 1521 8703 9607 7375 6465 3666 8698 7338 4398 7135 7898 168 1224 5914 3202 2142
100 920 1032 9662 6843 8575 6885 8769 2382 9107 6059 1497 2186 8873 4173 6702 2487 2253 2640 388 1455 4307 9965 9102 1271 2338 1986 9170 8287 9849 6687 9050 8501 6583 4905 1116 5827 6897 6672 8529 213 5237 8216 8937 9013 2492 7434 8453 8762 5758 5314 1816 5960 1888 6383 2865 7381 1575 5884 6022 6321 8663 6161 5665 9379 1173 8849 1846 4769 3355 9087 1971 6229 7067 8179 6856 7711 9150 1587 2705 5426 9523 6992 2763 3049 8991 6152 6795 4469 935 4922 6496 8943 9982 1603 7356 1185 9181 9676 4587 179
100 1004 6663 8202 7269 9766 8305 8719 1013 2155 5693 3361 4751 2148 8178 2813 4773 6570 8404 4164 8269 6738 4550 4284 5919 7079 9714 3303 8757 8811 9460 2525 1837 5147 1323 6784 7504 342 5871 7691 127 6102 7233 9118 8730 7246 4401 7091 3324 8924 422 4433 2625 8313 4572 1527 4929 6057 5428 4210 7003 817 6334 6954 6507 8135 7225 8710 8031 2502 9008 7897 6014 7383 8322 6377 4100 7506 5574 6282 3098 9708 9103 9029 1014 2801 9187 1307 5765 9822 1305 9280 4227 6302 3525 8972 132 4873 1028 4072 1281
100 3930 7085 598 4338 3688 9882 9296 5160 8159 9088 9386 4292 4832 9004 5518 7981 7647 7461 9534 2384 3485 5009 1415 1728 3715 5804 340 4999 7108 2924 3928 1708 4015 6234 1626 2023 3380 6007 9990 3225 7904 337 5714 2372 4281 4608 2249 2191 5860 600 8741 5063 1364 7227 9316 1934 2086 1699 1456 6625 644 3783 7333 5719 8498 9096 973 2732 242 8383 9760 6989 8344 7800 5344 4716 2012 6627 9713 6084 1273 5796 706 8459 970 5774 2088 1761 3910 6720 8040 2424 1340 8723 5202 5607 6118 6608 6308 6175
100 3437 3186 1637 9901 3052 6071 940 9881 6235 2690 6549 9749 3575 9067 5017 7831 9214 701 2453 909 9263 7500 4805 4259 4095 900 5356 2310 4020 1706 7670 6042 332 6585 5098 8494 9454 2297 3257 6107 5151 8706 866 8569 8146 1689 9123 2875 1156 6089 1593 2133 563 6232 666 9847 1289 7606 2750 3222 6195 8861 7618 4745 1938 7370 4260 3108 2855 6198 4341 9736 5623 7313 6745 556 652 6525 2055 1077 9435 4840 190 6257 3475 195 4423 1702 4445 2988 6187 9209 967 1610 116 5122 9147 1865 9469 8999
100 2659 1568 3908 8087 4228 673 7845 6766 1907 889 5173 6759 3364 8430 5061 7687 6932 5585 2786 5220 8497 1930 3577 3929 6363 2315 3258 5893 5899 2946 4662 4782 2270 7902 3013 9869 445 8684 4373 8910 9056 8532 2636 8113 5494 4729 3024 9062 2576 3898 5152 3581 3538 1537 6279 5263 3315 1665 2556 7060 2688 1451 5234 845 5060 3053 4868 3867 8675 1192 3491 9792 2458 7350 6594 2474 5489 390 3694 4218 3170 357 4065 2420 6394 7215 5626 8173 1128 6384 1127 1129 8411 2669 8796 5355 3314 2267 1137 8505
100 7541 4734 6420 8314 9464 8970 3418 7419 7830 5127 6864 8859 6490 680 8712 1783 5556 9365 3265 1972 4275 3643 2208 702 9211 9722 8722 6505 7882 7535 7182 4113 8362 7384 1625 2335 8458 8566 5474 6637 6680 415 3248 4982 9546 460 3481 6261 3790 6659 9633 1214 6913 9591 968 3858 6381 6816 6839 4454 3300 4353 6318 6535 3443 4565 2682 1941 9175 6513 9854 6121 2853 875 5537 8601 5106 5892 5029 5444 4336 1344 4646 1920 5465 6304 4670 8073 5987 3010 8624 2906 5909 536 6353 4329 440 4177 9806 8434
100 858 6210 4098 1611 8387 4664 4536 7318 2199 1740 5206 7803 1877 3447 4850 3690 6629 607 1238 8631 3925 1405 7910 7261 1347 6886 5286 1237 3523 7734 4895 3847 4775 6811 3818 9361 3048 3805 8916 9555 3697 3798 8572 4216 2981 7805 173 4727 6845 8773 217 4391 2024 4376 8921 5601 846 647 3637 244 9243 754 1843 2354 1449 1822 3236 1644 8342 9796 221 3709 9572 4597 5198 61 1385 1234 5983 2202 8800 1200 8955 7329 2314 29 5270 7218 3836 6756 8049 590 573 6769 353 7141 9392 2042 6951 3977
100 1468 3704 5695 1757 3187 1477 4297 2549 3670 2318 3267 9457 5589 4200 7815 5779 4596 5891 1632 398 1421 1251 1007 3899 7875 3768 2370 1657 5819 5235 4439 7305 6019 6656 3097 8048 6189 6516 7133 6214 5188 5425 3634 3711 2869 5767 3779 5917 4243 2599 1349 2658 5130 7879 2701 7709 7674 3604 4535 1774 4392 6077 7665 5371 5720 2909 5051 7407 2422 7816 458 1196 9888 5429 4205 5799 6483 5311 3176 3976 8436 582 6164 4879 6715 9756 6559 7153 6031 8930 4004 9027 6301 9764 8150 4774 3609 330 6667 7210
100 9326 2838 3967 8564 8286 2182 4011 7326 5291 8731 3448 1332 2404 5971 128 8516 6251 9091 525 8464 3512 4299 5836 3602 7934 7941 7443 2629 7120 9117 4036 2708 2835 3816 4797 8465 2953 3869 3570 6499 7562 7057 7073 9529 3853 4231 4375 672 9906 9149 9636 3081 4068 4067 7851 1122 7032 7239 9252 1722 2721 6953 2944 1274 3039 8244 4656 4272 3640 2319 5298 2868 9798 5330 5445 7231 694 7130 3015 2426 7005 1902 4252 9101 3880 5331 8992 4969 9400 6990 6588 4202 2954 5253 6523 6993 5481 4568 5959 7756
100 9498 311 1998 3764 873 8667 9026 6508 899 2541 787 2799 404 9853 526 2054 2773 9332 6935 7030 205 480 1462 8519 6973 439 7481 7435 6075 7159 8843 9323 1278 2256 9045 714 4106 368 9968 5480 7509 9037 9271 3663 1181 40 4235 1464 7649 8666 5321 1956 2856 5145 9437 2533 3736 1165 1841 7939 9828 2003 3296 9414 9813 1180 4687 7393 4282 4030 1794 4899 711 3856 4549 7828 4935 5047 9231 4313 5644 6976 9800 3721 2027 9508 7742 4232 5581 4537 1320 9908 1100 1092 9183 3415 7548 9130 3864 1974
100 7515 3820 7643 97 4421 6015 1194 6076 4730 7521 5357 3493 2077 6171 4887 5193 7186 4779 323 1778 7431 1869 6203 9651 6315 4908 5398 8750 3127 5795 500 2816 7729 3270 6981 800 7100 3136 5782 9707 2359 7870 5006 4741 3425 5346 516 7469 1247 3446 2926 7470 2272 6063 8086 5558 3699 9597 2113 9985 8232 1104 3150 6247 1517 2808 5896 6690 885 1875 4622 23 791 1718 8894 9262 7885 2169 1887 3780 8661 2459 3881 2997 3388 6736 7489 9160 1353 333 946 5343 8431 4699 6432 6498 3099 1494 2638 9504
100 737 6551 5833 4369 1125 9161 3163 6779 7496 5348 6114 9071 5846 9634 7031 9590 8748 5966 4562 8258 4250 1514 4803 2575 8315 3118 6703 1845 6155 7706 7581 4581 9273 9151 1386 3741 963 1461 8329 6806 8047 7487 2611 8958 5643 9535 6534 4478 769 6174 6185 5049 5729 5697 944 3037 923 9646 6655 6473 8913 2540 1061 677 4316 8354 7572 8064 1362 551 1633 1174 2432 9640 76 1914 3843 6415 2482 9678 6532 2184 3551 3289 1970 8543 5879 8807 9229 3449 5824 3733 8246 6269 5911 9890 9980 771 9468 4325
100 3298 2245 2254 687 8080 479 5140 3031 1027 1739 6133 7528 3350 363 648 681 5753 8351 288 6051 7529 3083 9817 6777 9438 2412 7028 3793 5310 1222 8795 8897 8283 1912 1715 8275 7840 1965 3422 391 855 6578 1940 822 1564 68 2116 4340 4604 2371 1479 5005 9186 9895 7987 2900 1782 9455 2880 8523 6130 2323 6827 942 2532 2936 6344 9620 939 5183 8438 3896 6382 437 699 5619 1395 5414 6477 2065 3758 365 5041 6520 95 8274 7750 4101 7102 9360 129 5400 8923 9998 2891 1655 9309 5575 8418 9614
100 4339 4383 3244 2793 764 9381 7720 8200 7630 1649 4914 5736 5378 5100 7098 9840 5164 1227 7495 1471 7511 60 6699 2782 5115 331 1041 5079 532 2362 9471 1786 1034 6183 5569 7666 8646 945 3962 88 8967 6613 7913 3754 7903 4688 7143 943 3392 6876 9128 4663 4337 4491 4488 6591 2085 6761 9967 519 930 38 4109 2376 3089 994 668 1547 6249 8693 9649 4234 238 9927 9389 4881 789 2162 4219 5652 8557 3511 7984 9289 4181 924 22 3484 80 7228 5886 837 6752 7836 1622 2805 5128 9264 235 4152
100 9809 2657 7220 6546 743 3991 9240 5780 6250 7787 2078 9833 2668 823 5050 9328 4209 643 7131 4843 2285 4105 7123 5271 7957 9515 4811 2019 408 1024 6521 4990 9244 4636 3931 8643 6090 3586 6610 9083 4655 5013 1484 1040 1613 867 1984 8171 9706 2568 5593 3196 7538 5138 692 259 635 8781 9396 6635 4128 1275 3198 8673 1660 1279 8813 3533 9431 2394 4315 2703 6530 7146 6723 9407 5272 1005 4691 518 6082 5704 8617 5113 7599 373 568 3056 2591 9638 2704 2125 5025 6758 7273 6553 189 3684 4943 6601
100 7374 9824 8648 8004 287 5808 9732 3566 589 4075 9434 435 246 9144 7219 7899 6147 4533 8503 3599 2803 3321 4225 3806 8664 1240 4321 7379 7440 492 8318 7170 3359 5716 805 3439 3516 3946 8141 5732 7826 9623 5184 9738 8061 4907 938 1407 2455 4407 8725 4911 7664 6568 431 8416 4933 6506 9456 3353 7976 9063 2560 6733 4190 1245 1742 557 1917 2948 4006 2898 7348 5662 9961 9885 3514 4077 2145 8180 8537 5381 7023 1557 6112 8976 6793 3107 2761 7175 457 9518 4712 4886 8469 266 6476 8316 6143 4609
100 6919 93 1788 3377 446 1581 3046 3214 6349 7795 679 741 5615 7622 1756 739 4360 4147 7134 2536 91 1996 3878 2681 7671 8345 6401 2123 8526 8161 7349 9565 2377 5091 9991 9137 8278 674 4649 8347 1383 1113 8373 1290 4791 1646 8096 6865 6316 8303 1785 801 5187 5730 2505 5214 6962 1098 5463 1535 62 7492 1426 4295 1134 2844 8386 5450 4989 7264 1220 7364 7201 4522 5302 6910 9485 7920 6538 18 2401 8771 346 5213 2472 8007 1868 2570 5668 1597 3221 5280 9097 8835 2772 165 5842 5762 9541 8201
100 5022 7033 418 808 9167 352 5303 7223 8691 3771 6972 986 2781 5363 4436 6314 7953 3234 3521 8810 807 5922 8435 8098 1333 6863 7554 4888 5520 4434 2606 2349 6536 8960 8853 617 2246 7653 2232 7612 7247 4333 8389 2582 4560 2251 7540 6403 1232 9827 4855 8728 8353 8181 9568 8237 4364 4758 790 7944 4685 6891 5706 2430 7940 6343 2163 1432 412 11 3692 1735 2009 9342 8721 26 5512 5094 3871 5935 3767 4632 3616 7925 3348 5834 8906 3978 9829 7986 1398 8257 1969 2278 7198 4379 7932 1138 1807 444
100 4032 2343 4168 803 6305 1390 2271 579 902 8654 6923 5740 9021 7727 707 2407 1936 9368 2648 6033 1414 2214 3190 494 3278 8211 4988 3641 1298 4870 6773 7002 393 5746 9076 6671 8614 9165 8496 8395 2257 2351 2188 3126 3411 8951 1402 7000 4896 234 5390 4258 7025 9746 8296 4940 3001 6676 2559 1084 57 476 9258 3693 3006 8613 3413 7188 1859 1528 4254 6339 5287 2624 8789 6453 7669 4230 7989 8579 7595 6504 5453 2410 5042 407 1176 9528 9536 6358 6474 9484 5178 5875 7212 9911 1589 9585 2150 3371
100 8669 9668 6799 1771 9248 3423 574 5928 4591 6785 4242 1133 7446 9855 6376 3683 7476 8704 7401 4673 496 6306 4487 9398 9954 7258 2277 9171 2519 9355 8798 7537 1117 70 1025 1283 7494 4519 1852 8090 9905 4079 5689 636 7171 9292 3661 6641 1022 3459 7172 8606 1982 2839 7696 8359 19 5209 3287 8381 256 1233 5642 9533 1927 467 1554 5990 7545 252 1297 9488 2860 2433 7196 8272 2269 4717 56 274 9924 7235 2864 974 6303 3890 5825 6832 5368 6369 3985 4787 760 7583 6070 300 2827 731 7197 7328
100 4366 7058 1107 1617 8499 3557 9950 2770 3141 1078 5503 1030 7478 6571 2289 5442 907 8377 5854 2518 14 6060 4844 6029 4042 2774 3842 9127 6371 4748 7760 9755 1217 9384 6786 5820 3998 4918 4294 6645 5625 2157 9725 8481 2753 7112 1569 4577 9639 3778 5219 1707 2697 7806 5655 8065 7045 9820 5722 9896 1855 6564 9416 4864 1154 7118 7833 151 3862 5015 6428 5949 5880 8699 7054 1645 3499 2512 9979 651 1131 4860 6780 9675 7959 9569 1944 3219 441 2642 5878 566 9417 5031 432 7471 5964 5918 3128 8486
100 4012 3636 5965 4371 8235 8645 6194 3435 9737 8743 469 6802 4584 4021 9156 7900 6244 5191 7862 8365 952 869 5373 5595 7915 9710 1540 4553 555 3531 4080 1880 9825 5395 7018 9439 9275 1366 3232 8734 4246 3417 3922 9311 3087 5408 9196 8134 1744 773 870 735 4953 4898 9106 4040 3178 8325 7952 7006 8687 6245 5189 5168 4542 6228 9046 8541 1070 1188 690 9686 3891 5749 1065 3174 6016 1967 7860 6824 9364 9598 3667 343 1534 8840 1430 3333 7107 7132 5190 7168 7280 9962 5957 1929 9970 3112 603 6817
100 4925 7825 8472 3365 5439 3964 5588 1520 770 2970 2477 6380 7256 3710 7675 2712 5345 4571 5479 2002 453 5583 4349 4125 5306 2223 7369 512 4859 392 386 4755 8190 8427 7310 5424 2062 327 5421 1105 1404 9609 3629 9848 8184 1348 6831 2872 1671 8818 1099 8786 2262 159 6207 2978 4556 4654 358 305 47 7204 3352 3633 3197 2210 8979 5289 3868 216 1890 585 3974 7290 6437 2818 700 4188 1482 5829 8374 5347 7072 9018 7367 2100 6396 6120 2728 6986 6370 3102 545 2481 3146 4486 2307 5787 653 4213
100 1313 6626 8615 3549 949 3308 1171 839 5405 3795 2521 7644 7203 8023 8933 1838 9931 1434 8428 7694 9036 4900 2996 7909 6275 2196 3231 3924 3433 5972 443 9987 1504 1055 8442 9712 3725 5620 6043 1601 3159 6712 2419 7187 7966 2168 9657 5154 6815 8210 2935 5254 8868 3527 9934 9550 8421 1491 8513 637 4961 8929 7069 1542 7519 4555 1643 7236 387 3625 1833 247 8583 587 1953 1797 8337 4430 5215 2831 5267 9863 3147 3105 6256 9774 4822 4637 2400 7373 2664 5605 8121 5673 3774 8388 8311 8718 4629 8571
100 8539 561 1604 7536 6126 6971 2959 9552 3068 6081 4293 3997 2912 9390 3742 4827 3900 3025 9685 4273 1288 225 1818 4387 9320 5752 6020 4420 5099 7410 4970 7958 2485 7234 5111 5186 9773 2489 7202 9839 6040 7884 5319 8908 7938 7160 4836 1721 2937 3678 6581 9189 232 6726 6300 6828 1324 4417 5135 9436 7074 8089 6431 349 164 8623 8183 8417 1179 8195 7764 7565 535 5883 1749 3706 3679 7577 8114 9805 5207 2328 4034 403 2841 1658 7081 4842 2819 6927 608 6969 8587 4875 5243 6027 6167 1951 7679 9353
100 5454 1856 7866 466 9274 8592 9579 2969 593 3947 8299 2947 4175 1898 2768 671 5633 7761 2149 8127 8059 6354 8713 9084 9995 4714 2048 6028 649 5002 7655 3372 2583 7117 8942 2448 2859 6550 7317 4441 759 2823 4884 4296 3784 8400 985 9314 254 3892 7217 4645 9625 3975 4086 3172 3617 4347 7353 9679 77 1905 5065 5611 2861 5678 4694 2416 2809 749 6231 4980 3642 468 4996 3473 4640 9357 1743 2650 4752 3578 3914 6939 2920 3096 2081 6979 2154 742 8357 1392 9921 8152 1503 2075 6491 9347 3045 6622
100 1519 4975 4414 2686 1458 7688 6704 7268 2084 3483 6064 8050 380 8552 4110 6035 8143 9477 2670 4841 506 4738 4176 3253 2231 8151 5963 369 2478 601 4621 3410 1588 640 9544 6665 5647 6125 1241 724 4363 7654 8276 7827 8398 1950 449 3086 473 1793 8759 878 7627 1669 5781 2983 2499 663 8825 9233 6511 9989 5117 4251 9537 8284 196 6162 4289 163 6225 2217 1677 4059 6598 5216 3117 6572 763 5052 4916 1140 9786 1860 6980 748 2266 5858 5095 6266 1536 5898 4525 3259 5110 1358 1515 3470 8903 3474
100 1716 5386 4154 9937 276 6216 188 9560 2904 4725 1638 9444 8679 4959 5947 7041 3135 6098 389 894 4462 5921 9429 6646 6600 7093 717 4139 1899 5250 4265 7972 7019 6921 2194 6238 1695 1964 6531 2408 4934 7949 1909 6822 2206 3148 1906 1883 8733 6904 8055 5062 1450 8668 8124 4473 9081 1255 3995 5129 2470 1001 2130 7797 1796 5587 9584 1548 8660 7933 9405 3456 5488 2119 3000 5085 6479 6900 4102 4830 3546 4998 4792 2562 5162 2345 9865 6519 4963 4985 8973 4356 2731 2368 6422 5486 6788 8107 8888 6764
100 7947 3302 2620 6292 1309 9594 4133 7396 5451 7600 7036 6628 1978 670 5710 2794 6643 862 5422 2028 7412 53 1326 7601 7812 2060 299 2279 906 2115 1399 8709 3872 9915 4001 8029 7163 956 809 6310 9473 1069 2114 4672 5737 693 7593 58 2931 4229 27 7597 9221 2229 6430 5436 1089 4798 4951 3016 6211 1556 9511 2153 955 2893 6584 3120 2601 1321 3530 9423 4452 7895 8402 6067 2685 7954 9903 4872 7253 9237 8775 6772 6565 7472 2986 4823 5590 113 5708 3378 6122 9513 2395 2294 9996 3986 2826 3612
100 1823 219 6045 9339 7852 461 2411 883 413 8133 6268 5760 6355 3203 3540 7066 6179 329 9618 5568 2567 527 9516 6407 9334 6452 2667 3284 1465 851 9155 3129 6879 2017 2207 6502 6424 7174 4480 3973 3323 3419 8208 336 7362 4310 8473 3357 3066 2025 8756 9864 8898 9185 3545 6984 6714 7008 5374 9505 7464 9478 6026 5916 2275 6220 2211 6717 111 3288 8700 7640 4035 720 740 6576 2046 3529 6938 3460 4400 9121 8747 8321 1299 7029 8768 9655 8593 7301 3004 9788 7043 786 6893 8886 5599 531 3360 712
100 5912 383 9491 8339 9092 8125 730 8696 2553 4762 8099 2312 105 1813 2287 5700 5741 826 8678 4768 119 215 5815 4306 1824 7849 8754 8961 8346 1842 2348 7586 2399 181 925 4410 2899 8944 4628 7110 9290 1942 152 630 2479 4625 7842 303 341 3860 3563 4467 6838 877 6248 7555 3673 4494 1873 493 2423 7922 7390 5350 9690 6965 515 1524 7602 6826 5409 491 540 6295 9020 2213 9857 2854 2528 9199 2998 5208 3043 9497 3876 6911 9406 5592 5285 4083 2975 1508 2896 6313 3838 8010 5339 8561 1896 1799
100 6455 2619 8830 562 1730 7148 9065 3781 8770 3007 3837 4124 6330 5904 3970 4044 8528 6995 6617 3969 8480 6605 139 8419 6435 6109 4244 824 1250 1512 1932 7621 1889 5179 7608 3157 6642 54 3111 8122 5703 1980 6444 1745 1252 6255 9700 2350 4704 3763 2742 1425 3650 2179 3825 3565 981 5146 5078 1003 7238 7703 6088 2965 6471 2929 9791 8717 9771 1272 7421 950 9721 1467 324 9007 3385 6728 4481 5354 6593 9960 44 5057 9695 5487 5155 5847 1197 8603 8368 4614 1097 1236 8794 7092 1724 5482 1067 4824
100 3920 1694 4396 7887 6192 5369 257 2613 1416 7850 5014 9463 8214 6901 3520 804 2778 1339 7414 3394 2698 251 9520 990 7704 3451 1460 7195 2143 9310 4845 438 9446 1766 1343 3889 2329 3686 7740 4516 1011 8828 7485 5733 309 6867 3362 7413 2593 4770 3752 1228 2082 6002 8019 5699 7265 7334 4626 4833 1102 9944 2941 2475 6050 9340 6148 1319 4241 10000 5739 4984 8839 9301 1994 9131 501 634 7065 9567 4968 2977 9410 539 3266 3345 7499 9619 3070 6385 9494 5766 263 685 888 7561 5555 7341 5621 7927
100 4708 122 4732 6729 67 6706 4616 5802 9680 6470 34 8355 9943 9202 9110 6054 3939 9235 9978 8196 166 4029 8837 6630 3116 2415 2832 6055 5672 6141 2336 4367 2466 7973 9783 1300 5505 7490 3917 2000 9718 1047 4382 5962 2535 3614 8947 3434 9556 1295 2109 7652 8870 4696 7039 8463 6140 4255 3943 753 3596 9735 4031 5320 508 8332 595 1367 7288 6800 2241 298 5077 1817 1925 2615 927 7747 172 45 9522 520 9886 5293 7700 565 3085 4403 462 5300 8205 2491 3386 1264 2734 4588 9963 8153 2022 1074
100 1475 8462 4573 1750 4328 9838 5392 3220 8132 4253 8259 5769 8343 4747 4377 9236 8223 8102 861 4171 3940 1642 4993 2646 6312 2264 8658 8680 1753 6270 7770 7388 4357 8336 8560 280 5382 6757 4220 3399 4084 6011 2727 3495 9526 3797 2979 2118 5560 4303 3281 3207 6937 1163 8137 1746 6781 3477 3373 5351 2984 765 4041 3972 6721 8145 267 7556 7304 6926 6987 1777 4815 487 6053 3476 5397 3400 3072 6 3794 3051 6467 2104 1886 5443 5048 5613 8378 7889 7347 8408 4355 6236 718 9055 7452 140 2933 427
100 8446 3171 8051 6666 7876 4394 2299 5507 6798 4318 6466 2282 8585 9790 75 4429 9674 108 7768 4342 4497 7010 51 2637 9973 4002 7662 9032 7408 5069 1979 6814 6405 7477 660 4022 5501 9697 6808 9011 6206 8595 825 1570 4354 6873 7929 1850 3656 6529 249 8449 1821 4677 9354 1454 3131 3160 8802 8460 315 1946 9909 7009 5120 1112 960 9930 7701 5865 71 792 7059 4952 505 3044 7319 2436 4226 7961 705 430 8084 5525 3827 6615 2268 7527 1059 1583 4866 4380 3785 5067 5290 428 7648 1443 406 3453
100 6489 7083 8860 5455 7625 2548 4723 7753 3828 6789 6862 1759 1015 3669 1516 7744 2387 6684 6146 9547 3865 5384 2193 5377 4374 1008 6820 5940 1780 3189 5246 185 5039 207 2435 3145 7011 704 6036 5680 3926 8676 4865 2174 7726 1054 3918 6379 3536 8390 5791 7907 820 7056 6111 5404 1676 8123 1087 3979 314 7558 8038 1763 3264 7739 7804 1162 7327 9530 1120 6209 5872 2036 7867 3090 48 4531 2574 6810 3 8652 8209 4018 733 6934 4365 25 8281 8803 6276 2607 3971 6968 4476 7698 6332 4443 5141 1985
100 1621 5552 228 4076 1370 3850 8260 4635 5745 6456 5035 4185 9393 6078 5332 6093 6771 9142 890 991 282 5889 3990 541 4327 1423 8108 716 2623 9373 3235 6116 7890 7791 8751 7455 7144 6345 9338 5656 7619 7888 2569 7250 5247 3712 9068 5870 5011 2303 1023 5433 5743 1634 4412 4582 7355 1178 7751 1892 6956 1020 5431 5686 253 2660 9879 9503 9465 6985 9210 1187 9195 5663 4950 8447 1815 7361 1618 9862 2209 6711 4197 2683 4069 6543 5604 5074 9715 3888 5617 271 9255 1820 947 9077 2469 6230 3708 2185
100 3562 5885 7829 6742 829 8621 6136 9667 9581 9305 5058 7278 5105 3945 872 2403 8376 8117 6517 2544 9300 4618 3152 7493 3382 3237 1853 9868 2689 1675 9663 1878 1691 150 198 8176 2111 1256 8512 5677 9860 5114 8525 8520 9031 9947 781 2789 1752 6217 5359 9042 8815 208 5690 9399 1939 8637 2539 9375 4408 4790 137 6123 9841 4163 4266 6619 7682 7331 8304 8872 2716 8441 7293 8432 5097 5944 8994 1159 5212 4264 6991 5768 7616 9999 8854 3571 6696 9269 6258 4641 7965 9509 1328 1249 1935 8424 5649 5430
100 4278 3125 1760 1767 4167 5902 1101 5185 4821 2457 6682 6108 5994 7844 9281 9441 5757 1469 9172 9207 4817 5675 4557 4838 4676 7708 2644 8301 904 6215 8586 9554 3689 144 4831 5927 9914 628 8492 1871 4928 6356 7551 5608 5440 2837 436 3646 2071 2586 646 9506 7169 3310 9785 7772 4094 9487 9910 7087 8619 6875 9654 3851 5857 9409 3461 474 4684 3651 8511 286 355 5550 5010 3094 1545 2215 9216 6283 7449 9887 9475 9629 2306 5511 7139 1177 8475 9918 184 1595 9108 8433 7658 3600 7718 9476 6392 4583
100 6860 2293 8213 5654 1572 9079 1731 6618 8863 6414 4539 1693 7267 5777 1082 4091 5816 5419 3432 9104 4088 8996 9461 8043 55 2635 147 9397 475 918 7730 5001 4122 2167 4046 4610 7746 3718 2497 5352 8009 9005 7179 9878 3261 2566 6200 971 4852 5495 5222 7520 6580 2418 8203 610 1567 5417 620 7086 2842 6497 9143 8326 9370 4386 1285 3374 9093 7526 5137 7837 4995 6342 8219 1411 7208 4493 2495 6044 1810 6115 7466 6978 2302 7754 8724 8385 838 2063 2743 4559 7722 4393 5101 9981 160 3762 7303 7457
100 2342 7444 1629 3660 5929 397 2604 5910 993 1073 1948 5822 169 451 6503 7507 7283 1992 9443 8816 8547 7157 1686 8990 7524 5967 7946 3156 9163 5107 9741 4809 3252 3061 306 3393 4921 3093 1805 3346 8379 3809 4759 9933 9222 2049 7050 9799 6296 4606 1679 4212 2321 4178 7465 7229 6052 2825 6792 5924 1147 3140 4150 3542 8799 6219 8242 7298 2230 4917 277 5338 8553 450 3792 4517 2836 87 1172 1666 9380 3293 9474 2260 7142 8363 5997 4644 7287 2337 8629 2643 4239 4351 675 9603 1698 3154 1062 1795
100 3591 9821 578 5783 881 2391 7007 616 7919 3344 821 5809 4938 9445 1226 564 4766 2910 7508 4812 4890 8630 2747 5142 9894 8220 7998 4416 7801 2006 2741 9665 4678 6837 4238 7399 4880 3839 9295 3996 8033 1413 3537 3367 8647 5685 4847 1798 4697 5093 7404 9225 2440 3744 8334 6259 8119 9615 7248 4722 6912 6892 4964 2595 2198 645 2603 8697 4271 2333 145 3554 1096 5334 5627 4851 7048 2072 9551 8369 4910 4160 625 4523 3756 1418 7285 3389 2867 8878 911 5500 3283 1085 9845 922 2885 903 3297 3936
100 9645 2029 3168 4060 9179 6309 6846 1072 5201 5076 868 3173 7216 1848 7531 5845 3280 1447 8877 6280 7359 1720 3906 2283 3627 5564 7479 6510 7254 5751 7921 1266 710 6254 5821 7386 576 2656 429 6212 4130 4183 4137 203 1145 9388 1341 4270 1790 8261 5950 8194 9852 1359 5018 3498 6522 5227 5771 2776 4290 5504 3519 6515 7080 8659 3987 3513 178 3510 2344 4800 6611 5835 1700 588 2013 7109 9479 7659 5691 3110 926 4623 6916 2992 9023 411 382 4760 5180 7811 2513 8440 1002 4070 2402 1262 3402 1345
100 7917 7661 1231 9726 2364 4346 1373 7901 5976 7790 9653 4955 43 4191 4689 4388 1090 8939 2626 2919 9012 9298 3555 2173 8881 7260 9779 2080 2510 689 6419 1442 7343 8554 4543 6443 4203 6284 6399 1420 6482 2504 6085 8622 5561 1331 7773 4196 7436 1168 8821 3164 2706 405 478 1849 7447 5969 3682 6400 4913 2204 7181 3445 8801 9831 202 9014 1384 6186 6144 815 2237 8540 312 916 3060 4217 1806 8573 8708 9458 4806 8549 2451 9787 3877 1511 1212 2164 979 3595 7456 7038 6374 5171 1619 5080 6636 4652
100 8044 7926 7563 8457 6884 793 9356 8584 857 5462 8364 9823 7423 4432 3379 683 464 1393 959 2907 5446 6337 7042 7335 2632 1365 6406 8510 8248 4322 304 4482 3954 9693 8998 2201 2674 9109 9208 6462 6943 9082 1599 3208 338 9545 752 1600 6947 9899 2132 8946 7415 1412 49 1167 4693 5606 9621 1135 4455 1132 3572 2736 6168 953 4051 1923 5748 5814 2654 8484 5255 2317 2464 7632 8550 5688 3291 1579 5323 1488 997 621 7284 2340 1210 3412 7566 6677 2273 9637 86 964 7149 8556 2711 5008 8207 8729
100 6936 3833 2511 3821 8856 7677 4344 8847 4744 2139 8778 4323 4781 3677 9913 7138 6853 4695 6472 4737 4508 5318 3431 9035 9351 4054 1294 4144 5645 9180 9994 3306 9428 751 8610 9793 7320 9777 1809 2052 1029 8138 7468 7883 6734 3553 2531 3893 6352 7582 7013 886 1050 7252 1095 8443 8997 7136 8188 6732 1417 3559 2930 3405 4116 1748 1401 2766 8577 4458 4889 2263 9040 92 9322 4140 8538 9268 7684 9877 9959 6289 5709 8034 6278 8391 745 7808 5666 8306 3472 5088 7820 5838 1703 891 884 5112 7115 2360
100 8841 7988 2715 138 9376 7099 7999 860 8534 729 8834 5313 2952 4726 3569 8058 2339 662 9889 230 4404 1835 2550 5000 5492 3759 3649 1403 5527 4719 4569 3438 8858 7589 5169 3254 9259 72 9254 5 8895 738 6662 1053 6931 1630 5072 7411 7568 3728 6854 1651 7877 2137 6265 1043 7193 381 1931 8071 3909 4055 1242 2616 6252 485 548 8682 1164 972 3894 2993 983 4048 135 2927 8067 8962 7906 9003 377 1009 2252 3652 1737 6924 2102 8544 6094 2546 8164 2551 4459 3233 4992 367 6994 4648 836 2322
100 665 9146 9660 268 9470 6634 6097 4305 7596 7864 2397 13 4617 3854 117 8832 774 6813 818 3753 9006 5577 4931 3822 7416 3863 5090 2117 9957 1103 5470 7782 5664 3543 7191 546 3318 5475 359 9826 4170 8838 9673 9514 4799 1566 4819 5136 4960 9659 8917 9285 9385 736 8478 5535 8204 5195 1372 5579 1758 5991 2840 8777 896 2450 2094 995 9378 7971 6480 7766 2392 9015 3276 8238 4967 5441 9070 7942 6653 4126 1035 2159 1830 5724 5806 8620 6592 5464 1473 2824 1741 9650 1276 248 3957 5867 9709 6341
100 5276 114 8866 2434 5828 8823 3488 2228 4974 5304 9472 7916 3138 9260 2661 1507 2437 6083 9928 7351 9642 756 6190 8611 5938 2522 9403 828 8655 9647 6357 4534 3002 6778 604 8772 4016 5772 2427 6413 1710 9064 7180 1042 5268 9205 9218 7259 7289 9753 1904 615 5602 3968 4657 6512 8809 1563 7855 1044 7125 2962 5862 328 7975 4570 3665 727 987 2352 9976 1543 8245 2848 7448 7432 200 6010 6298 6367 5726 2465 3316 5735 99 3574 2488 7856 1590 5125 1893 1006 6409 4777 7615 915 5786 3407 2170 1844
100 4721 8507 6652 2189 8371 4966 2847 5906 611 9246 8928 8256 1406 5165 6178 1221 8714 8649 7044 7427 1151 5262 5109 2096 6137 5813 7788 8206 4566 9266 426 3242 5269 9157 8720 9009 1943 1776 7838 9835 5634 3594 6803 7732 9872 1000 3700 7357 6091 7358 3961 5671 1639 9321 4053 1734 6621 2183 4000 9190 2610 9696 7745 2943 6193 8618 9804 2710 1086 157 7775 6390 2956 507 1493 5596 6138 1437 6870 5676 7352 5547 7785 3256 9734 9335 2040 9861 3702 9750 3916 1282 8461 842 2901 882 5149 5108 6950 4312
100 1827 6909 4013 9277 9492 4397 3515 307 6929 1114 2244 7743 3151 6944 3695 9606 1983 7574 6325 3611 4283 9754 384 1239 2220 2486 2180 9893 4426 3062 5785 2108 3482 2976 1284 3517 3175 5953 9174 4037 4033 5084 1254 847 7483 4180 2358 6388 3387 7609 6705 1204 2702 9564 1864 4161 3817 6106 8885 6025 378 8514 5258 6689 1765 654 2298 5818 7656 7226 3180 9842 3552 2795 7755 7488 2514 5586 4512 8231 104 5342 5713 3384 9699 8250 6563 3338 725 4211 2438 302 6197 7017 4882 1166 2914 9466 895 965
100 8041 7798 6323 8901 6797 4331 3846 4958 7398 5900 8940 8144 9330 2417 1130 4580 5083 8393 6775 7360 3941 6850 7255 5402 5546 1397 6964 9631 2053 2239 1523 8131 4634 8026 2729 8170 6743 7001 4334 8764 5926 3668 9394 8981 4680 4280 7403 1928 3414 9858 9951 7158 2883 8409 4703 3311 1433 7552 8185 4148 1529 3701 1441 1609 1921 7389 3707 8139 1814 1136 8006 6402 7699 6632 1229 1829 5674 402 106 4786 237 7034 8008 6039 2561 9496 7678 7807 6361 4114 5203 3875 2218 8092 2506 5548 5337 6008 6902 6196
100 4671 6191 2691 1141 3509 6208 8483 6547 9574 9923 3206 1444 9367 4214 5582 7316 3810 8370 6946 5532 8959 1052 4498 9134 3092 2330 2557 6156 2633 8491 2677 777 7271 3054 4027 1828 1314 2292 5541 2960 1802 1142 6825 4300 6952 7051 7628 6983 7847 4563 6669 522 3216 1376 8912 6165 7585 2221 2631 8270 2917 5975 149 454 318 5901 1661 8268 3184 7155 6110 6871 4665 7513 7377 9948 4757 5469 3834 1500 2792 96 5837 8229 2895 5119 2250 5980 9875 372 4484 3835 1093 2247 2151 8487 2425 4490 7705 529
100 1428 7418 7550 1153 5362 9440 5027 1522 4256 9949 41 1160 7516 9372 2363 197 7514 2740 8154 6222 1987 4121 9952 796 794 3204 9447 4189 7964 1881 4869 8088 5457 2524 4801 3320 892 3468 2124 658 2749 1051 3313 5510 4368 3963 6861 7167 7484 8279 7871 8982 755 8340 8707 4814 9803 8533 7245 9808 3161 5437 8824 8187 9482 5252 4650 8737 5984 1081 6949 5930 7463 9366 8589 7150 2905 5925 9176 6928 8072 6977 9720 6933 1789 6182 9694 9958 3588 3285 8582 4381 1834 7206 8805 3030 7105 4564 6449 4611
100 7422 201 6113 9599 4638 7560 3606 5473 8297 2767 425 1772 9483 2884 2493 4409 1607 2580 101 8482 2780 6365 8726 7214 7776 2963 6801 1578 1895 112 7279 308 3366 8745 7111 3229 7642 8155 5855 4131 6967 3786 2158 7924 8822 6966 3454 6239 5798 8956 3849 9203 7166 9122 9605 3494 1770 12 6960 7894 8978 6540 2038 8905 2091 1048 3904 1989 5853 4681 8790 6961 2565 4778 9085 5233 3347 5658 4713 3420 1762 2171 5669 622 9420 978 4504 682 9563 2219 2687 1169 3055 8941 8738 6351 8954 8471 1499 1337
100 7363 272 6582 236 1056 3659 8636 8193 459 3109 7286 2987 1714 7587 8683 2026 4057 6438 3992 6087 3952 9540 2759 6942 9138 5684 3182 6079 5660 7559 1501 7631 472 6727 7544 7114 9412 2783 6417 6450 4277 6072 6574 5800 7124 936 6586 3381 2765 5618 9213 3149 9344 3895 9168 2852 8884 2126 2806 8451 182 3500 605 9635 1492 9630 141 977 9058 4499 2508 2534 1146 7914 4419 5679 5849 6544 6537 5646 9073 7094 5509 4285 9548 5811 452 7325 8 2405 4753 59 6030 4 6047 3489 8295 6888 20 7400
100 9427 9327 9632 4605 6678 3458 8963 8896 295 7723 5545 7758 2942 879 42 5778 6859 2286 1246 3191 3058 7571 2347 4174 1949 5794 1779 3005 7620 8140 7439 8605 6416 5353 850 9495 8953 5259 8290 9113 4308 3274 3123 9291 6805 9704 8372 887 2325 5594 2790 8075 9232 9430 5413 3584 313 229 1596 1478 2830 5266 7076 1991 2346 854 9955 3980 3101 6741 937 9880 7580 6835 9217 1 6034 9776 1474 7242 8182 1636 3901 1654 8662 6153 9022 7090 7570 7802 3114 7878 2804 1755 6501 7542 1409 4166 624 4653
100 4248 5989 5508 1445 5499 3524 5364 5004 8157 816 1215 8736 3255 606 2892 7486 8827 8935 5530 6488 5863 2554 3169 4871 3363 1357 8262 1553 7943 3766 7843 1039 6129 7241 8320 6329 6032 7822 4466 7935 6264 1375 4976 8625 554 6514 9582 463 2564 9419 9966 2484 4795 4010 3539 9562 4332 5324 3369 8233 8880 3501 4103 8900 6858 7945 7978 4756 193 4118 8785 5996 7712 698 5299 1018 1277 3375 9763 5982 5801 5294 3603 118 4607 7859 9025 8228 4195 4835 6262 3713 9363 3334 177 8036 6528 7330 8608 7126
100 8309 5167 17 5979 1729 8280 3506 9604 6620 7230 9781 5639 5533 5951 5121 7733 3212 7717 8609 6340 2990 8502 3390 5788 831 209 4440 9086 3358 7096 8032 9276 1874 3655 6104 7344 852 9448 2850 5275 7438 2527 1076 2590 9575 832 6404 8052 819 7437 4413 9661 639 1049 1235 3775 5831 1947 1110 3769 8197 1993 5661 6233 161 3391 6350 2233 2011 9422 1882 8045 8688 1916 1218 2058 4883 4406 7858 2112 7503 691 921 8300 262 4520 6753 5907 320 1419 3734 7324 4120 170 8558 3200 4136 5166 7564 1663
100 8423 8864 3638 4849 7970 3933 2751 2276 5570 3942 2547 9600 6675 2538 2678 7832 7721 9843 841 6464 5174 3028 3351 2353 1352 3124 6004 2461 9462 4679 3480 4099 3580 9432 9220 6285 8024 5081 3999 9807 7865 6412 537 9111 1149 6092 7263 8264 1558 3722 3370 6478 9139 3020 5543 9628 4017 7681 3153 533 6654 5177 8291 4418 9747 9984 5721 5682 7955 7165 504 7685 4558 9691 602 9105 3406 2240 6925 2057 7270 2355 3518 2281 2949 2134 3937 4700 6260 659 2879 1057 4066 9265 8817 3403 4876 8234 1124 6834
100 1586 2537 8735 3845 6291 4771 5554 1356 2651 8338 5955 7147 7979 2735 4567 8466 572 6447 2197 2258 3335 9874 8689 2652 7846 7084 2413 69 6038 5420 6556 5217 1690 9377 5401 3246 4981 4746 8672 326 7886 4659 9573 8504 5731 8548 3921 7189 6768 9997 778 4941 3312 6132 8437 5496 156 1620 1541 4545 5538 928 1627 284 1037 1831 7792 2989 2913 5874 7880 6848 3958 5826 7164 2874 5434 1075 1106 612 8130 6898 6446 8784 2829 9333 4602 5073 6750 2020 424 1812 4457 9795 8149 9129 255 1732 2886 7222
100 4574 4444 8844 7224 1436 2863 7713 9115 8909 7759 8217 1126 7686 2758 4449 1291 5946 4319 6740 5448 9331 433 6159 6664 1825 4594 6145 6460 5239 2902 3647 1977 5747 7420 131 2496 486 4489 9074 3907 8690 3478 1446 7667 7378 8118 134 1550 4024 4028 9499 8053 8253 231 5681 3452 1704 4828 1334 9705 2007 1674 3593 9919 1038 9116 6693 3743 7014 1361 8869 4885 4579 6746 8887 2627 7992 948 9644 1922 6326 8005 8163 5086 7893 7689 7741 6454 8148 629 3541 4389 5945 4465 9701 6375 6552 7501 4848 8644
100 8850 2666 6895 5053 966 8319 1496 3104 319 6366 708 4415 3376 4554 8957 9352 2585 5288 7951 6679 8479 6005 511 8875 5394 6307 1811 6840 7624 6694 9188 2974 7309 4119 1485 3630 9850 5102 442 5277 4267 5312 9898 8394 8227 3179 8366 4263 9770 5260 4715 3737 1207 9302 4749 8862 761 1155 3703 7291 3583 1481 8612 8518 1723 2769 3723 6117 9124 9946 8890 957 6739 6160 9145 374 9719 5274 2222 224 7346 6844 3631 8628 8969 4156 7474 6842 5981 2107 3739 638 2226 5075 4460 9451 4813 2945 686 2918
100 3989 2087 4442 2680 4240 3137 6101 2870 8914 4603 9433 30 9672 6046 2588 9884 8874 1747 5832 3271 1551 762 7605 999 9993 1244 8160 757 9648 1400 5199 8926 5307 1063 258 6709 6700 8327 9566 7387 7779 8001 6475 4201 6718 8674 9641 6105 3873 6461 3307 5523 6561 5054 4194 9758 6065 9587 5458 4279 1336 6874 3749 8110 9772 2280 9052 6319 8891 5521 9622 2398 8282 2760 8307 4215 9570 9593 6908 8082 5888 5948 4740 7891 9578 2033 4495 4675 3194 4025 4019 3241 9972 9759 9832 6566 9532 1531 7534 264
100 3340 8105 9413 7302 2005 1768 2381 9926 5715 8239 2010 5317 2894 3902 2320 3528 8919 8251 4926 2834 6009 3626 2172 941 6001 8109 6754 6469 4127 9988 2501 8950 5447 664 1705 9945 8068 8536 4330 9442 2295 2558 3777 5705 2995 7205 7152 5651 6557 5064 7321 9727 4540 5228 8927 8936 6023 614 2696 871 5810 153 6533 8931 6299 7936 1088 2628 8361 4979 618 4165 9164 5635 1111 5497 410 746 9939 5477 2234 6124 6796 9227 8820 6941 245 183 4221 5725 7510 1546 8097 7368 1900 495 7052 3213 4977 3209
100 4818 5175 82 798 9576 9184 6391 4350 73 4468 3615 2421 5864 4479 7063 1490 4496 4547 8406 8392 5273 2216 2693 8749 5616 8488 8780 6142 1452 9317 4287 2873 1387 7151 4643 5466 8852 8535 3932 5325 7385 5698 5597 1615 6767 8984 8993 7075 9315 7857 9837 7923 241 9256 3691 6433 7748 269 2602 7576 3036 1945 5056 2106 8414 8602 7567 6958 6997 401 1612 8889 9057 4978 6003 9876 8988 4146 8120 7173 2190 5942 2529 2439 2181 2676 6683 5670 2663 4613 3844 5261 5551 5034 3882 2671 3698 1036 5707 2709
100 5936 9249 3956 7869 8095 3592 1066 6907 6770 4856 5514 9421 1692 2552 2447 3409 4877 768 9337 1997 6331 4521 3457 5123 4090 7137 8000 2316 7049 827 2098 9626 9907 2068 3465 6000 8112 5461 2428 7607 1121 3505 1769 4345 8701 4514 7611 6526 812 9486 570 5877 6604 4047 5648 7610 7424 9415 1208 9016 6287 2243 4902 5399 186 6722 5194 1327 982 2785 37 3587 8500 1555 7533 2261 3935 5790 7650 3919 2517 6333 1580 8396 6397 840 7690 5952 3830 1148 9769 5296 3953 9299 4794 9538 954 9723 2592 7078
100 180 1532 3883 4785 559 7068 109 9731 4026 8429 7557 2242 8335 5349 2176 1712 6644 8857 4837 3279 4972 6609 5852 3069 1801 6154 5379 6945 36 7402 9308 5687 187 2843 2103 4647 8932 4937 5139 289 833 2074 3240 7274 1391 7315 7372 2031 155 9819 4301 5231 6058 9992 74 6127 148 488 722 5629 3019 3912 6890 8015 3680 4529 8156 6539 3305 874 9480 1463 7578 2862 5372 1648 98 5536 2684 1389 4702 2443 1371 107 5513 4477 8934 5632 9348 350 8983 4867 6998 9194 2815 9028 8826 6378 7055 4505
100 6760 9 571 2579 490 8640 4682 1350 2748 3719 6999 7956 1926 5082 6948 9286 905 6567 5456 3181 2725 9936 3923 1115 9234 7839 1990 5249 5449 3424 2857 2152 162 9856 9395 8085 8848 3803 2800 6328 2309 4592 859 521 8142 7626 619 7724 5701 9272 4343 7823 2073 4435 3716 6277 750 5941 1206 8968 8263 1325 9402 4784 3290 1781 89 4878 9767 1582 212 5738 865 7012 2406 8042 8948 2313 9306 6708 5622 6080 6639 5544 509 3078 3228 2719 9453 5974 7716 980 4446 8093 3336 503 6487 3913 7145 5727
100 5784 33 8273 1673 9664 7200 8367 1530 7340 3012 9206 5744 50 3823 3788 5225 2692 6590 5103 1518 7295 4082 5019 3142 243 8066 1918 4919 932 78 8922 8812 7194 8591 9941 1966 8804 3076 1933 2101 6410 2070 962 4994 8949 3218 7872 641 8711 5939 5367 542 1533 3884 9920 1382 3343 5711 1157 5007 7183 6614 1483 2822 3808 9324 7725 6387 1885 6441 5529 5366 4612 4548 4405 3436 483 7113 5515 2958 9780 10 227 1538 6311 951 1836 6899 2726 7294 9900 8783 4187 7156 8485 5498 584 7027 4107 6957
100 7778 482 524 8289 414 4003 3620 1999 4298 7395 3824 3426 6562 6436 3959 4223 9702 9247 510 4829 7854 5683 580 9374 5150 844 4947 4971 6809 351 8192 3065 9525 2662 976 4627 5416 63 2639 9253 9049 779 5773 7176 1697 5170 1867 8012 5070 3826 5301 3226 4551 1571 9682 8317 3832 5631 6440 3573 3720 5244 6661 5483 6852 1189 4615 7460 9580 6227 814 409 2288 6674 5861 2964 9542 6151 534 8787 28 218 5920 7450 9489 7638 8604 7767 4619 6021 5502 3732 9610 2056 9818 7342 3018 3317 8524 8893
100 567 4149 3605 6719 8774 5565 5156 8761 4269 7116 853 9502 2004 1268 6691 2468 5600 544 969 5978 3674 9666 8450 1184 3532 4735 3332 4007 4268 3479 6917 2503 4395 3623 5133 9801 5549 1954 4683 8331 3262 4324 2908 4862 5278 2039 8651 8806 64 9583 2752 8670 6970 8600 4524 9061 3295 9024 8103 7738 3269 1573 9658 7948 6074 1495 2156 835 3757 5383 7810 4348 4286 9592 8226 8021 8271 5309 5370 3597 2032 2985 9391 2045 2494 6755 4249 470 1709 9279 5024 5410 7983 2334 7244 7021 514 1091 9670 1623
100 6918 3282 7546 8945 4274 278 2332 9929 2787 9938 4314 1292 2722 8495 1911 7996 1216 7636 9844 4074 8836 6558 1429 4789 2445 6170 3859 9158 3084 9964 4660 9797 8596 9891 6442 85 8247 3870 8352 799 7635 6486 1681 6872 7433 1202 3325 4470 2617 6638 3009 310 1552 395 5961 998 3855 1394 7663 4816 9873 9739 2008 1908 8545 6633 6237 6603 5932 8753 2274 2389 16 8129 6974 8397 8635 1308 3984 4839 4973 6849 9226 5640 9219 8310 4915 9595 6982 6017 8074 9904 6492 3648 547 1472 3879 6176 776 6724
100 2878 6253 5264 552 5667 9775 8341 9318 9744 5882 4045 9242 1628 8302 1219 4892 6288 726 210 4983 4132 6975 1317 5840 3811 4763 4509 8011 4956 6411 4639 4291 6730 1045 4598 3613 1894 8755 709 2796 7530 9681 4186 7426 6119 6790 9836 6880 2388 4362 2714 3965 7497 6218 8240 7736 7221 7297 5977 7 8212 3746 9851 1683 7868 4123 8791 2442 110 4624 3356 6821 2581 2238 2120 5089 3787 9245 2762 1010 7763 6324 627 9080 8876 4511 6922 696 6273 2300 3103 8412 5887 2972 4946 7311 4317 3829 9098 1605
100 3948 9940 7918 6213 8420 1161 2971 7053 5197 1840 1026 3796 211 5126 8819 7532 3067 2463 5282 4909 8106 3503 9350 6906 650 3155 9325 6373 5659 4448 5229 4658 2235 6695 6748 9192 1269 1959 5539 7237 2409 5242 5200 4897 8716 3685 4438 4061 7579 9001 1662 6575 4846 2037 1866 5490 2203 5956 1738 1205 676 3158 2429 5856 8330 7603 8198 2882 447 6819 9345 1439 8915 4904 65 5553 9191 5750 2301 5542 3773 3618 2043 7881 3463 4930 8115 2356 6762 7129 2833 6673 8333 7392 9761 4247 3840 6201 3166 8020
100 3249 7539 2141 3034 2784 631 4804 7022 8158 2476 9986 4668 7518 4064 4108 3260 3526 6763 6877 577 2699 9066 7394 2290 5315 1346 5241 6271 3337 6393 2754 5055 5528 7774 1190 9336 3011 8147 3047 9159 5792 9030 1440 4669 5172 7771 9319 9193 3653 3224 3576 9078 4451 9752 4056 8517 1539 8189 5934 3408 6338 958 4552 6267 5848 9297 5908 3568 917 8175 7573 5181 3981 813 2730 1286 7211 2507 3654 9558 4058 9733 4600 5028 633 5712 52 1685 1201 142 4526 8766 489 2441 5566 2777 2456 2396 7752 6224
100 3950 5567 5702 1195 3676 9500 199 6747 7037 2597 3471 8542 6713 5823 6698 8104 797 5403 2341 5033 7969 2166 4711 2014 261 5937 7004 9166 4923 4807 3041 1667 8559 849 1957 8294 90 4464 6681 2938 9711 2618 4945 4309 4515 2236 1498 3466 5612 394 4245 3243 9616 1119 2608 880 7251 4949 8641 8964 477 4710 9671 260 7082 360 4593 2308 8671 1680 465 3705 4808 9953 9493 2383 7592 2291 3938 2738 4854 2589 4834 39 8016 9561 9267 7707 5915 780 9002 6651 6915 9238 2921 6866 4767 3192 7799 5755
100 9177 5468 7604 1360 5524 5598 7397 783 8938 8199 7905 3450 6163 988 3263 9871 6293 5460 2067 9051 1851 7731 6988 767 9000 8865 2744 6272 6327 265 4507 3077 6335 8060 3696 6607 5159 9201 2828 4541 3397 1301 2523 9223 8598 8292 1717 3903 1322 7467 8382 1924 4063 7345 3522 3354 6589 6336 7821 46 8293 2851 7015 3331 6157 8277 6587 1263 8448 1108 8657 2756 1584 4320 3342 5297 4661 5756 2694 9053 8742 6459 517 1585 3080 6903 3230 4772 6221 4237 5637 9450 6996 5092 321 7445 4359 7064 3852 1152
100 8452 3748 3729 6701 1019 3032 9687 5851 3548 8607 5218 3294 5573 2653 120 5326 5020 2757 2820 7623 3561 8445 9531 5427 3327 6649 3582 8474 103 9010 8831 4796 8851 3760 2543 7614 115 2881 1143 7451 3740 6281 3492 8590 1727 5040 4039 7382 3301 1175 2928 667 8476 4422 9228 2326 9977 6398 5839 3772 3444 239 6595 7617 2454 3328 322 810 3911 8215 4802 2802 5030 6149 21 7584 9703 9517 4561 6099 8174 1962 2016 3607 9069 3608 7339 8186 2788 6940 7641 2089 5540 3738 8243 613 7425 5148 3119 6240
100 6204 3905 5205 4009 7613 334 1857 8003 3368 7789 2779 1381 8078 5534 9596 7762 6223 5396 8169 6881 6049 497 591 8191 9559 5096 1598 7454 8952 4115 8177 3050 4666 2018 9230 6685 434 7140 8879 543 2473 1223 3130 538 7809 2516 3993 575 4117 8918 3177 9527 6205 1248 7154 291 1342 2994 6274 2520 498 5472 4761 1016 1033 6348 5624 5614 1862 7824 1257 1506 1804 2375 7980 4145 1021 9975 975 6869 8692 8882 1670 1031 8506 5718 513 9283 7275 5657 7784 4089 1891 2284 2467 3003 4503 550 6158 3662
100 688 8574 6362 3132 273 1606 7522 7967 5754 7749 7296 1260 1355 6599 3074 3747 3535 2530 7960 1123 3934 364 8285 8758 335 713 1306 5943 154 9383 5734 226 250 123 1270 8422 3621 2846 7590 1847 4698 5292 6833 2934 3022 6749 802 6658 8576 125 5897 1329 4184 8902 5591 2587 2647 5163 4198 6096 3564 3319 9816 3815 6429 1071 6073 2431 8468 1641 5817 158 6451 3804 1303 79 9100 4793 2444 2129 4151 5232 4134 5484 9922 292 2446 5763 592 6851 4585 455 4987 4437 6569 3268 843 3547 6688 7719
100 6887 5333 5279 7380 8172 1870 8594 5295 7737 3188 3658 3075 8413 4857 830 6173 7547 6066 3133 3193 7634 448 2051 4939 7070 913 7591 290 102 8531 8782 2723 8403 9047 989 8116 5869 3735 1664 747 3994 8039 609 8358 6150 4485 5876 5770 7442 3021 6322 9481 2775 7985 3063 6243 5931 3416 8360 2812 2224 8760 83 9917 5519 9048 5432 8241 2807 1287 5340 6494 7277 996 1410 3801 744 5485 7817 8054 121 4463 9043 3949 3227 2649 5992 1318 2695 656 4783 1094 1513 4724 4510 4810 3322 6579 9902 15
100 8002 7853 4092 4601 2105 2066 7040 1602 8681 8162 7991 5717 2092 7429 931 586 8426 7498 8013 8230 371 3497 5365 6421 9883 1183 6751 3496 5653 1808 285 1259 6024 3960 5023 3095 5118 7813 8792 5985 7693 4384 4965 2957 8014 35 2044 9034 2050 8555 7896 4424 5572 5223 9512 4826 5308 175 864 8855 2097 1258 2999 4169 7272 3490 362 7088 2713 2572 9401 8267 4538 1659 3341 581 3165 5026 7430 1775 1854 703 2160 2614 2890 4456 4461 370 6006 3812 8971 4335 4500 2061 8470 5406 3951 2128 8380 7016
