100 10000
100 8803 2964 3375 1988 8870 6843 4508 3464 2666 5219 999 5214 3963 1681 8641 204 3509 6936 5839 9485 969 3342 1473 3728 8995 519 8418 2290 2149 857 7214 2053 309 8131 3886 9861 479 4338 494 8172 3328 1222 8974 6808 2901 1443 1632 86 8960 9794 821 7526 7867 8403 3113 2430 7578 1508 6631 2120 36 7517 5791 5158 2104 1005 3798 3279 6605 312 5867 1037 5710 989 2677 3155 1627 4396 1537 1437 3984 3096 7396 144 2343 4157 2075 7984 2390 255 4310 7950 3142 4528 9896 6848 9774 9163 7136 4718
100 3511 6816 3150 4099 4370 6316 247 5664 8934 4558 8044 9596 8640 8135 8671 3766 2947 184 106 4675 778 5461 6419 6649 878 489 2790 6951 4098 7375 3594 7077 3013 6005 2563 3650 9824 9378 7823 4407 2712 4127 4821 6169 2037 7730 5955 4100 1888 686 7684 9352 722 9522 8256 6091 7720 685 5210 4877 3080 2454 4542 9237 2562 9030 6665 2320 4114 1009 7597 7576 1226 5559 8167 1319 5384 7707 7199 4880 7671 7411 6477 1863 5775 5010 5151 889 6815 1472 8246 673 3036 6191 894 3049 8923 822 215 4494
100 540 8693 2957 1476 9965 6973 995 8622 3645 9215 9248 8310 5368 9054 6892 4343 7764 8213 7174 3582 6214 5418 8790 4295 6612 8530 8558 8956 6200 5204 5364 7234 149 1730 2079 4004 9080 7949 5102 9133 7342 4447 1748 2536 3249 7083 2705 2487 1749 4797 5326 7443 1507 6657 8731 4259 3603 8413 6608 3012 159 4377 9707 6524 310 8919 8729 9958 2933 3329 9560 5152 60 3878 6165 7233 2094 2642 1420 3469 5622 6401 3377 9456 2730 6841 3833 627 2741 4954 688 4200 2558 5246 423 7167 6175 2655 8779 6636
100 4932 2861 4025 110 3035 9276 873 4661 8904 4612 4493 5691 4453 6601 3941 605 4599 2110 9034 4615 741 6040 64 4178 6442 8066 1791 7303 5738 92 332 7019 7877 1544 1824 9268 8544 2279 9936 1977 507 1941 8439 660 3658 3989 3357 6860 4598 3569 1308 3420 9355 7739 4410 3746 7310 852 5064 1495 8788 6876 1521 370 3735 4566 5205 641 4525 3225 9094 3763 3358 7057 2827 2230 6485 7315 8951 5624 726 6928 9172 141 6482 3876 5918 3526 6441 8834 4787 872 541 2391 7031 9128 8018 712 1444 2875
100 3696 2779 8166 2166 2711 4380 2102 6493 7541 8880 2476 325 5416 5538 9757 2374 2032 6872 4726 2480 4020 6490 577 6826 1707 2820 1276 9576 9498 1091 4573 8677 2528 3084 926 5306 8389 5482 9379 9106 1396 3030 1975 9847 7603 8023 590 2812 5081 1230 1806 8762 1874 8802 545 6211 3220 858 9695 5933 7961 4096 9920 557 5025 231 7686 7274 9418 7968 2060 8251 4586 2952 5451 2628 6862 1678 3815 451 2862 9621 7680 2810 5469 869 7139 2455 9193 8323 1886 6567 2674 5670 1047 705 4645 5112 8148 2035
100 3630 9292 6894 1264 3782 2972 2565 7759 2709 6845 8137 7034 8360 9479 1151 5662 9592 2458 1690 7558 2962 6627 7972 9046 1582 1258 2629 4005 5421 1000 2841 1827 8813 2367 9781 8060 4248 3613 6634 3562 5184 2222 6338 1082 474 724 6606 2408 6048 1168 6708 5474 1688 7112 7631 319 6403 3429 7568 3344 7185 4986 8457 5809 9445 9042 8597 6507 8692 5024 1671 7001 9638 6246 5620 2158 2648 5286 9185 9555 6429 4278 2949 8709 6695 2456 8569 9267 3607 9453 5779 9528 4451 2465 254 663 4288 7531 4504 5965
100 3105 8508 3124 2627 2521 4724 973 9022 5674 9252 3042 97 9470 1017 996 4892 4799 2210 4080 4476 1658 9904 7305 8959 4784 2165 8621 4674 9334 1236 9720 5414 1710 1480 7747 5179 5541 1529 9168 9927 3408 6697 61 761 1527 1269 5493 85 6901 4713 4307 8348 1528 8675 3412 624 5923 1387 94 8741 1328 8002 9490 6125 8851 5533 4535 6958 7418 3188 3965 3985 8687 3149 8317 7722 4890 5702 7732 2132 4888 8563 2506 1097 5991 7204 142 8736 5078 6689 9627 6914 819 7163 8769 50 8574 2180 909 210
100 5601 9064 8576 7679 7683 4722 5727 6764 5373 8780 2370 2992 729 3859 548 8492 1954 8032 4345 6829 2633 745 5404 420 9157 1451 3017 1884 2758 1332 3137 4509 4606 5417 2236 4857 6 4524 6583 3808 5412 5079 8608 7800 4252 3726 2420 9242 2559 3829 4851 1403 119 1227 7839 5275 1862 107 1394 8578 5148 5872 9852 6450 3792 2247 3043 6455 4807 4500 6152 1547 4311 7783 1692 6391 3416 8414 9113 9986 9024 9856 1479 8122 5491 7856 3286 9424 7423 5452 2588 1930 8601 957 3232 4226 1653 3025 3223 592
100 9516 2030 4154 3276 9814 3977 342 4943 1613 5959 7215 52 8185 2332 3218 9208 9783 5637 9983 4920 4444 1176 1088 9066 6249 9691 9303 5253 4167 8718 4879 970 3146 3564 1972 6566 2734 1477 458 3540 4845 1781 8877 994 8029 730 196 1370 3743 3834 792 8673 3550 8260 3063 9279 9760 8134 6680 4864 6002 382 2614 7278 291 1231 6659 4507 441 7054 5038 4346 8028 7447 6492 1935 2854 789 426 3719 7251 6775 4299 1120 4192 6122 8523 1695 4810 4789 5863 6754 9876 3062 2141 6922 5570 5902 4327 4229
100 5288 4693 2346 7899 7623 2893 9743 8748 82 7357 2474 6809 7391 2824 3461 7435 7316 425 3456 4065 3320 7521 4280 9550 2591 1113 2411 1043 8280 4511 1368 3140 9949 77 8683 4765 6961 7612 9399 9841 8846 9310 881 4089 2505 632 6428 4794 1997 4878 5695 9481 4422 5700 3583 4683 2845 6580 6792 817 8678 7575 5307 615 8941 2308 5526 971 4337 8488 630 9530 3031 5960 749 3930 9486 8089 9122 3952 8208 3554 3571 2763 297 6777 1803 1764 7153 2174 6306 905 3492 5110 618 7852 3890 8177 5333 6101
100 1153 5929 2307 538 7195 7431 8634 3197 5268 5743 1717 1846 1820 3881 5781 8026 2869 8806 5128 7398 6373 7352 5834 260 4850 4936 3494 2963 3425 6168 2245 5666 8567 4818 8156 6791 30 7672 634 2249 4425 1823 1782 3525 1008 1515 7762 9105 6251 7787 9129 6398 6602 9870 9997 5171 6112 3222 5943 885 63 8649 5349 9442 9143 3847 4896 6366 2092 3403 9397 1383 1235 4046 7540 9225 854 9405 2577 8716 6996 3838 5118 8775 6213 5008 2073 6964 787 1779 9188 3389 5651 7643 3548 9966 4641 1211 8668 3602
100 8994 9230 4913 286 5747 4698 2733 3972 5820 5734 5957 2612 1013 3517 6988 9055 9085 8888 9192 2935 1866 7910 512 5503 3383 7366 4302 6324 6496 8875 2578 9324 7463 3454 1282 8306 8596 4536 4607 3870 2469 8575 1569 893 818 7653 2417 7481 522 7074 7224 4040 6838 8408 5919 8857 2447 974 466 5693 9897 105 351 7419 7756 5866 4459 153 1253 5082 594 2640 3900 6349 4773 3024 8005 776 3960 4436 5433 2941 3108 5916 799 1035 2068 7203 1581 9749 8759 5212 3606 4296 9478 3535 9003 9829 4949 7827
100 7188 2115 4218 765 1573 7289 5366 6725 4514 349 3355 9635 6969 7295 5289 1067 2084 6327 8030 544 5648 6206 8823 3330 7433 2822 9738 1980 2556 132 9989 4001 1100 3498 9559 4117 9668 2096 3866 4168 2072 1257 8789 5869 8611 5993 3790 7098 3226 5042 8700 1406 1785 8082 8798 2826 7200 3302 6166 7321 5755 9020 3501 7086 5765 9562 9004 5946 3437 7016 9618 7508 5577 9649 4093 7311 4820 4074 2525 4087 6537 1793 1891 6157 5124 2468 7328 4578 5588 3888 9656 7602 6550 4372 8236 6621 8740 981 2607 7903
100 3053 7929 5059 4435 8128 2209 4368 5249 744 54 5649 6978 8446 1712 6469 8180 8377 8076 5685 2194 341 4210 5687 9402 7124 4969 4763 8364 5953 5969 455 9335 1036 7820 7830 8257 3625 3648 2728 567 2191 9640 7608 9374 3961 2987 345 9944 1829 4152 8734 5728 8642 6805 4116 9341 2224 9047 1137 3532 5073 3103 9492 9826 9164 3721 6508 3725 394 2415 9316 991 6120 5962 6949 3489 6015 553 7834 2154 2601 9144 246 6138 4361 4261 816 8501 1900 3211 1570 2532 7377 4733 5191 4432 780 6806 573 2592
100 4667 3905 6377 9991 7039 8853 8984 3120 4031 4190 1631 2535 7564 7774 486 8047 7724 3903 8986 8983 3708 2419 706 5005 2639 7767 18 8947 1937 4012 2170 2172 5240 4648 3180 4341 6363 7068 4952 25 6188 8232 7566 5014 1454 8828 6561 213 7452 800 5627 4445 8155 3921 735 5819 8369 3591 8215 5074 9751 1897 5175 9906 7861 2387 315 8638 2176 3473 3640 181 7778 7822 6427 7769 2366 62 6597 2302 7015 9735 9056 3196 5663 3440 5824 5639 2389 8381 9346 5282 4363 1830 767 1331 5369 7940 9813 6423
100 8629 1904 2461 3267 9312 330 3523 9948 8613 8350 1990 572 619 6677 4999 9357 7948 9539 4138 6137 8927 9488 358 5435 1186 9881 1279 6025 862 4800 9577 7982 7301 8643 3971 9602 6739 733 2631 842 6916 2936 4481 2014 2792 5385 1447 7291 1318 9895 2757 6717 8588 4282 8145 8793 9342 2349 2595 6548 6445 4678 9377 7060 9043 8916 2600 1867 7228 824 4601 6388 2398 3305 7676 614 7702 9843 2632 8064 4568 8225 5381 4856 1083 9887 8553 5053 4202 9147 7387 795 5753 9767 5992 1207 1081 8882 3804 5382
100 5999 9858 2353 1058 6947 9731 867 700 37 4739 7389 9802 6058 460 3675 8730 5865 3448 4611 7403 3757 5806 7133 5135 9361 8696 9367 1116 5113 8265 7445 6072 9212 4076 1061 5034 6523 7345 346 9272 7785 1317 1346 9891 9023 9195 4088 354 2895 9884 5593 2738 3154 4865 3753 3701 8616 2438 3924 9872 1297 1812 8086 3770 4811 1589 2813 4830 5308 8767 13 5166 5423 4257 1843 2196 7482 4805 9711 8482 5808 8362 3477 7399 7498 7766 3997 2052 3666 3083 3129 5301 1674 9976 2968 1526 6410 1304 9439 3776
100 9213 1770 1807 6287 5111 8564 384 7069 7782 6280 7869 7073 6866 6196 6292 113 4064 7048 57 1292 7530 9314 4657 8234 4036 7524 8889 6003 7753 3756 9648 4056 2404 2911 5757 1170 2529 5571 5399 2143 9697 2777 9726 431 7860 942 5300 983 7710 8342 7689 9963 15 3520 2140 9182 6305 9846 289 8269 4139 6278 5686 2321 1334 2880 5279 6412 2986 9259 3205 1159 8282 1453 9898 9507 6955 9517 3852 115 3371 8159 8140 4086 9828 5293 8590 9575 7084 6852 8153 6729 521 2001 2698 2270 3419 3354 8425 8630
100 2882 8150 1691 4916 4465 9665 8229 8513 8618 7492 5068 1775 7577 4390 3384 2323 6586 7306 1385 5222 2683 9419 7504 3809 3424 4692 6853 7733 4966 4355 742 8686 7113 9654 5398 4034 6480 6242 5076 8219 513 8694 7878 9776 76 4780 2896 197 2395 9800 6389 6517 9497 7114 8133 8204 6099 56 8517 1220 7382 9816 7555 8366 8521 155 3670 6396 9775 122 4815 8900 3724 887 1397 2085 5883 4146 66 1428 8551 3993 5280 8314 186 6788 6645 4388 7159 710 3410 3198 8680 692 7324 7420 4702 2602 3617 2652
100 1860 7456 9099 2517 209 3827 1138 7743 4166 681 9500 8543 4686 3089 5725 6438 2189 8175 4755 5616 5380 7501 2375 8078 1240 6814 9437 979 3287 2883 8992 4415 8109 6667 6082 177 6329 4960 4871 7694 8027 7819 7020 7032 2129 4471 8464 5075 4342 4108 4111 9938 4860 7714 2142 7919 6834 2710 9544 9475 3152 8757 8186 6210 6034 4225 146 47 6030 3504 9438 8357 5897 1957 29 4782 720 2661 677 6176 3614 9620 7044 6151 3266 1309 5936 3085 6435 7028 3587 5598 4717 2350 5858 4682 2325 6839 3442 1682
100 8869 9216 1549 1271 472 711 8752 5310 8462 5605 6525 8631 8603 2786 8850 5146 2748 851 8946 5891 1320 3813 7094 2 2232 8955 7187 4955 372 4923 1720 3396 5604 759 452 8092 6794 3224 5968 9318 4120 3848 1204 3098 2146 4008 1711 5248 4881 2493 5760 2105 8216 8663 2679 6502 40 9837 3466 5512 1894 1979 393 4922 9504 8264 6540 8270 6109 9854 6308 1921 9524 8765 4526 6647 2580 5015 9167 6486 758 990 7553 1096 4085 2794 3563 3236 7542 2015 4406 4121 8961 6160 2156 283 626 8059 440 5667
100 6272 596 9613 8515 278 5319 2510 1364 5407 375 4171 1339 3598 2825 8294 2175 661 424 5261 9557 3032 3363 3132 3122 7451 3738 3573 2448 509 470 4312 4358 2413 4279 530 7 951 5788 3242 8146 3910 96 704 879 7469 6542 7146 3468 8110 8165 1461 2830 4870 7284 348 1252 6863 356 3319 1878 9130 9426 7915 3047 9978 8560 5047 9176 1 8088 6199 8346 7625 5889 7842 7455 6393 8746 7137 4584 5481 8506 5374 6124 6161 1129 9617 1192 7695 9474 2040 4583 9526 1575 943 6407 467 7752 6684 7349
100 9916 7264 3181 1048 4991 4256 8344 4455 7874 3674 2784 2278 7866 7393 5543 8313 2296 5922 3883 78 4887 443 1723 9151 7807 798 8120 621 3922 6054 5432 3376 6944 5587 172 8329 5545 4318 6753 617 7010 6136 5828 9962 7014 1123 8476 9108 9131 9410 4106 9239 2902 8537 7697 6483 9169 9205 72 6312 5894 288 2788 3975 4744 7050 9657 5410 4533 3662 6126 6619 3339 7330 3200 2802 6880 7241 2630 7634 9508 4791 7543 9353 121 5555 7872 2259 1250 3401 9994 5890 365 3458 277 1755 5842 5365 8866 7729
100 4939 4464 9556 368 868 8878 1776 9247 1175 6658 2977 2803 3219 9932 6534 5453 1665 2643 412 3796 323 7260 9214 5708 4556 1034 1689 7516 2358 2583 1931 6045 1471 3942 3388 6286 2081 7440 1645 2485 5371 2970 271 8231 7928 6095 3605 8392 6081 1234 4047 3702 2013 7475 8794 7421 520 8345 5234 6173 5137 576 5741 628 4761 5090 6919 6681 227 9988 7500 9280 1336 9699 2618 875 8471 3542 4689 4258 8444 7300 9032 1698 7987 6669 3347 5088 7641 1702 6630 327 1662 2984 1961 4804 4576 3430 6760 1726
100 8838 4305 4084 9756 9568 4855 8235 102 9671 785 813 3750 3698 2372 9156 949 697 1953 89 6107 7725 2316 8704 8254 371 1871 5944 2282 1195 8858 534 5682 4374 429 4532 4630 5739 8903 5530 570 2223 9450 9010 5853 5357 2504 7613 9893 3023 7745 5091 8545 8196 5931 3333 4766 4941 564 3106 2248 1063 3860 4 910 2699 1198 4575 1765 7166 7905 6216 9702 8374 9281 3238 3323 9240 2634 5925 6171 5169 1126 8703 6230 6962 6426 2169 3167 8595 8104 1964 3592 5182 3457 5564 3967 9354 301 3359 1580
100 7986 4323 1078 336 1323 7691 1326 2530 5847 6148 4608 3187 6562 6006 5635 7385 7053 7813 5347 1554 8975 8529 2944 6155 261 8455 5868 7755 1585 3908 3597 728 3911 484 3020 1728 3528 542 2229 9842 8589 192 4016 6337 929 6103 214 21 8228 3133 4711 4431 7371 5758 7652 1912 9662 9366 7368 8758 8647 5441 2121 1185 9595 762 1835 7242 3647 405 6946 166 7913 9000 1591 9295 2927 725 5927 1012 1381 3040 2441 8042 1650 221 9778 2301 6375 1478 6449 4468 8 4696 9373 2130 7296 9241 665 7111
100 3156 5484 645 7661 9053 5732 5155 8926 3538 2237 2584 7921 3059 1510 7029 3566 6077 3438 462 5487 7064 4697 9140 7805 8063 5581 6818 4497 3686 8318 8719 3678 5216 7879 1968 4253 7545 4187 3231 610 5536 5360 1882 9461 5352 4348 8749 7297 3761 6527 4170 1201 8768 1696 7499 1758 2569 2783 925 2339 3183 7886 5170 154 3470 6395 5906 8303 4632 9676 8908 7465 7485 1020 1436 9584 6998 802 4495 3832 1837 5821 469 9931 245 6229 1040 1382 3661 3487 2173 4414 3780 2537 6255 5260 7477 27 8824 6408
100 2888 6884 1025 189 810 9250 6686 4849 8242 3491 3855 9494 4669 5928 3121 4015 1069 4082 6494 6119 9359 9506 8033 7533 2973 566 8894 5057 1558 2405 1052 2299 6454 8735 5063 3722 723 5950 404 6538 8723 4071 4793 6553 8070 5597 4900 3644 8363 6319 2731 32 4011 1722 3954 2585 6422 7341 7723 1018 3857 9392 649 5463 7285 7033 903 1068 7870 5522 4055 3334 3533 9435 6705 3516 6568 5833 4895 5466 7467 3245 8580 8938 3247 6369 7052 7995 6763 124 2570 6995 5996 1948 5851 2873 8084 8839 9123 1059
100 4680 285 335 5244 8509 5007 3810 6623 3685 4959 8849 4629 9364 8426 5899 5020 4335 8424 3165 5840 1062 1360 1600 8498 2364 4502 2703 4244 8829 7865 9174 751 4935 2471 7363 2103 1281 3436 228 4061 518 5208 7441 1050 9597 1609 7470 524 234 1819 8662 8261 8816 6929 9655 4294 2507 932 9960 1512 2489 5196 473 7097 5016 5297 9503 2676 1952 1684 7768 2434 5768 3331 6461 3159 8911 6554 4947 8897 1390 3659 8502 1131 6050 4209 578 8552 3697 4197 5157 7519 5951 1273 1179 7365 2596 9630 9607 6425
100 3552 6656 4760 3805 1958 9321 8998 1880 6885 6618 3636 311 5623 1343 9206 6918 2470 2206 2045 7532 2653 3203 2550 1919 683 2198 8726 9672 6578 8149 4437 3151 8914 4605 487 2551 2005 5501 5397 3034 9725 1787 1031 1183 6515 6359 5520 9118 3343 4790 7150 5799 500 4009 7959 178 5050 4221 9947 3902 7211 4640 9376 5846 7196 5334 7217 555 1263 3915 6616 5187 216 4685 2243 2909 6144 2514 7436 331 34 4650 2403 9110 9351 5656 4376 3488 8402 4449 8555 2912 8015 7102 6655 4196 2672 9307 770 2924
100 3332 3712 8386 4904 8831 2159 9013 3958 5103 3004 1349 3158 565 7340 1019 7213 3399 2920 8004 8519 717 3278 2410 3215 114 6296 7065 3021 5557 9300 389 4462 3966 5634 1286 7276 5511 7367 5206 9209 4134 1659 6184 1859 4062 3202 9075 6018 9301 6476 5632 5967 6726 9601 1296 4186 138 9959 5508 7425 2070 9864 4297 1011 8151 9017 3988 169 4897 8924 1920 7851 9521 8430 9436 6571 8559 8337 5356 6334 8341 4107 8331 3982 3688 9499 7907 4934 165 680 6759 9593 6976 2732 1051 3894 6289 9136 6241 9914
100 1190 6679 3818 1141 4759 8169 6128 7935 623 2239 6945 4028 2690 4492 4691 4033 6824 7056 9315 2195 7024 997 9484 5323 1773 5316 9954 6736 1404 1423 1105 4987 8963 9779 7673 3365 4441 1327 6752 6942 987 6516 1431 5848 9623 8268 9356 7717 3273 5945 2193 1664 1693 5770 4208 8972 9680 2581 922 5633 5737 3304 128 3973 9536 6264 3819 6189 7942 2656 1124 1955 8650 2179 4926 9339 3901 9372 2136 5986 6654 7742 5628 8164 5475 7646 4982 5131 3160 956 2426 9278 333 1514 3777 4234 8094 5825 1672 9788
100 1075 9263 6624 3951 9358 4366 3288 2058 8171 4249 6727 8717 6545 9472 870 1943 1701 7650 9325 9848 4992 3733 7618 9664 7151 4546 2795 5654 3992 9 8980 912 240 9736 2238 891 4510 4832 9466 4746 4613 4973 511 9102 833 1049 95 174 4303 9586 8365 3367 9469 7450 3731 4557 4770 4314 1208 9305 6164 937 2359 8835 9393 8412 5257 3310 1177 5195 3009 5731 8784 6038 1985 7818 2280 2892 8453 1306 4708 5807 5790 5457 7070 7855 9211 9409 3710 4223 7209 2593 2519 7118 4958 1607 2344 2626 8343 176
100 2843 8639 1180 5576 1393 9706 7226 9639 8267 796 559 1873 7601 580 9183 432 8738 8666 1777 9512 1427 7811 3462 8240 9867 9520 179 4479 6940 5679 7261 6632 4538 4563 5299 2555 4326 1845 1556 2915 9007 8107 251 6070 9326 1999 8893 1028 9646 7076 1283 5546 2811 7885 454 1858 3107 4385 5241 8524 7930 5908 3950 9883 5428 9795 2573 5351 4340 7977 1657 6881 134 8868 171 1655 6233 5800 9571 3134 8410 7884 5077 1759 8795 2910 3366 2619 1262 6330 2598 7890 1836 1519 5198 8143 1448 3899 8404 6984
100 6908 6468 3914 3407 3627 6965 8316 5572 1646 4838 65 4534 8659 1531 8210 2801 7512 6434 3117 1612 504 7525 801 3784 579 6474 6797 9658 7476 5949 5089 1973 9232 23 1452 4356 5607 3044 1965 8808 7253 1703 5803 7299 1841 12 675 4581 5984 1260 4776 4382 2047 9626 3072 2518 9210 4701 863 527 9491 6328 1767 2433 5684 2673 9340 7042 7058 9446 8192 2834 6420 4882 7248 7598 9822 5985 2167 2541 2218 1338 8494 4486 3704 219 3392 5443 1001 9957 2484 7120 6479 8431 7035 6430 2660 9987 6551 7506
100 6546 2212 5837 5556 4284 5209 5200 2319 249 6748 9529 6594 8040 4250 8935 4463 1249 1769 8007 8290 6284 9632 9159 8669 6451 715 3720 7550 2407 4010 3615 8371 8937 8130 6314 2428 6715 2610 1605 7853 8660 7089 8499 6317 7439 2275 5396 1825 6968 4836 2055 3934 7656 4825 4828 6340 8399 5672 4839 2147 4840 3539 399 6083 1045 8227 5108 5857 7771 1718 1465 8766 5085 7657 908 9540 5318 510 2482 131 4616 9631 9173 1294 532 9737 5497 7998 2134 7944 1596 4736 2766 6622 6356 445 3824 2380 3800 7126
100 3893 7144 7523 6075 9808 6281 1709 4965 2700 4756 5462 4562 8152 4723 2160 7400 9634 3836 4907 2939 230 2879 4375 7304 7596 1416 1402 4336 2983 1408 334 631 9710 359 4347 1251 4918 6495 203 4063 4906 2571 2670 8978 3781 9928 3209 811 6156 4329 4709 1305 4730 4957 3943 5313 2122 3428 3500 3208 9337 8354 274 167 7894 2125 2735 5680 4180 7134 1762 6339 3011 3912 2473 687 4911 5464 1687 9666 7392 1103 6831 4716 8607 5142 3041 1490 8103 3577 2472 1838 2342 5567 5247 8627 2386 853 163 3147
100 3439 5956 2865 1940 5232 7799 5119 2157 5745 4148 501 7709 9608 6007 3028 1608 14 6348 152 8193 5456 6297 9433 499 6302 6745 7836 8819 4985 3505 3051 7079 5774 2876 7347 377 2913 3130 4660 7611 8664 7192 28 276 6757 3258 8262 1149 4937 5080 9199 2313 5713 3831 2261 5723 3055 5940 3118 5375 5233 7696 8081 6821 4548 7738 5442 9687 1136 1901 9348 4940 1563 7594 4212 9955 9973 6387 8585 5631 5864 1102 8207 4328 9865 8522 6924 6268 2837 7788 9911 6185 6464 9098 4045 7924 9660 1536 7509 4420
100 7176 9533 3612 8304 2576 6209 6799 8182 2300 3213 536 7404 2623 5284 1622 7281 3692 547 6768 2292 6243 6772 2148 809 6421 3825 5590 2203 6521 1164 1266 7569 6384 7914 6167 1157 7466 4262 904 7160 4996 5340 5213 3250 3744 6235 846 7889 2526 6197 2281 8944 2808 6223 6822 9868 2262 2587 3414 5099 975 6444 9625 1313 2341 284 24 9541 2546 8787 6589 6400 5188 2857 7781 5325 2891 9812 6733 8068 8661 6097 8121 1469 9181 4448 4687 6532 6294 5761 7664 5395 1492 8572 4681 4024 4859 1182 3173 2462
100 5434 5125 182 9952 4162 9417 6180 9012 6907 7859 7437 81 7125 5121 4359 5804 9511 4628 8477 7353 9202 7075 6541 4814 2752 5476 6673 7511 5677 9238 6481 7754 6633 3172 2347 9912 2446 6394 8429 2780 4653 3058 2133 7882 3039 8971 1357 7223 1673 2021 571 1139 7677 5098 9317 4394 1686 8118 8312 1270 7964 1978 6021 7154 1474 982 588 1715 6888 1926 9009 9077 5762 3795 7480 8761 2422 1115 9338 2508 1079 1849 4240 1160 4570 5492 7989 7422 3693 3317 1494 9016 4053 1518 5531 3174 140 8581 8370 3379
100 6475 6178 362 2414 3003 7737 7556 4866 9645 1908 6751 7063 6295 9553 8190 5748 1924 4564 3969 8606 20 752 7417 4077 3340 8785 7902 5178 1353 2266 1144 3534 5236 7430 6014 652 654 8739 1719 6662 3956 5893 8962 1579 6993 3962 6201 8520 298 7994 6544 5615 1433 1475 6260 7574 7605 2772 9369 5115 2379 3038 9572 8985 612 2954 2074 3348 2874 264 2543 5735 950 7881 4975 3891 8676 8966 7965 9028 1700 7178 5046 3551 5303 2872 3679 5488 7190 597 2904 2011 546 6273 4656 3007 1214 3682 3987 8491
100 1553 1833 8619 6332 3341 7021 2980 9970 6418 2832 1543 6078 6511 1869 6670 8226 707 1889 6698 3190 4734 2539 9721 9741 6875 6105 5861 5097 5532 1003 9198 8380 7329 5093 6009 4989 4704 5309 5659 4475 2597 7789 2297 4610 4498 7667 9967 3850 3904 3821 3186 3314 9591 7026 8876 8322 6761 6563 4808 4263 8566 7232 5133 118 7649 7219 8093 6694 754 8037 6013 8435 737 827 5473 4929 1275 7082 4049 4057 7434 8241 9061 1801 5952 3364 8449 4519 7319 5699 5055 876 4874 6935 9285 3356 653 5227 6010 168
100 6131 9220 2729 8012 2907 5287 2545 7343 517 6663 5070 4915 6012 4430 4512 8202 5176 2797 2858 3294 3913 6987 3512 8058 9750 439 1355 1868 9964 8533 9505 2740 4353 9096 4175 5608 6917 563 4485 2311 9308 782 9097 9447 9234 9265 1928 9391 1057 39 1524 8249 839 7364 8461 5642 917 4909 3558 9825 1915 314 7844 7945 2028 845 7130 9589 4642 418 944 5342 3326 856 8340 3788 3360 5276 6084 2765 9565 5446 6819 6920 4083 493 7175 1923 7614 2503 4854 1811 187 3444 1626 1007 217 1450 865 3842
100 6774 2331 9563 8863 7604 5181 8801 51 1287 7051 7750 7693 2990 7761 7246 5180 1128 9063 1435 5826 6183 831 8379 3503 4265 5614 9154 591 6648 1366 4360 9423 355 1861 6925 7749 9534 352 5878 7378 848 4945 2124 4233 4119 3163 4037 5167 7573 6709 8637 9950 376 3061 3393 3652 7648 4105 5363 6147 3758 2511 5977 3405 3811 7582 8743 1106 7272 8077 3114 257 5011 7078 5506 4050 3845 9041 3663 8604 7757 4580 7256 1532 9383 3335 4125 1345 1194 9941 6376 2335 1676 6762 4140 7383 1481 1713 5317 9328
100 3480 771 3262 9910 5030 1784 5862 6954 9127 2077 127 2770 6253 1744 9979 3649 2625 1962 2106 4454 4720 1405 964 8915 5223 7660 6318 2955 7193 6448 7735 3309 1545 7632 5721 9368 7205 2791 5072 410 9135 259 387 3729 4618 422 6842 9411 3877 4144 2887 6037 5266 3217 6238 98 3138 7658 1377 8842 3136 8034 1699 8885 2981 1561 3026 1134 7406 8510 2613 5336 9833 3046 4824 8475 602 3065 4748 1814 998 6992 7960 5961 1133 7081 6713 307 5924 4220 9766 2769 1409 1704 8930 6765 4617 1572 7938 5251
100 3057 9033 1652 6811 9674 7831 1587 1181 6074 8610 5838 1449 1625 7527 6431 3499 8855 2289 8965 919 8351 1388 5172 1680 6237 2922 8764 2291 1661 5259 471 8456 3620 2996 6982 398 1351 5189 7705 5584 5028 1760 3227 9233 8783 9748 6231 3957 4841 8557 7427 3959 3968 1284 2065 69 6664 6322 9975 7528 1108 8932 1041 6970 5393 7923 3879 9014 7323 5675 1683 5296 7271 444 9073 5823 4427 79 3917 220 7225 7790 8756 4334 1751 8212 9600 1372 5898 1677 9432 1938 453 3110 3078 8142 1539 8872 8884 4002
100 2798 9284 2091 2216 3191 9830 1429 3837 3338 1513 2527 3673 1663 5832 841 8031 180 9132 7327 1299 7397 5419 9421 9762 1174 6055 1729 3292 3769 9275 3115 8525 9746 1520 4551 5 6718 3404 2451 4165 8586 8436 7424 5173 252 4364 6923 4924 2899 5051 1742 2494 7939 9299 5290 8035 7946 9688 5729 7282 1578 7833 8817 2421 7638 5994 3091 6315 212 6615 9458 2128 1162 803 8170 4658 3730 9985 6331 7898 1184 6411 6849 4762 9221 6154 9845 7931 7887 5915 7325 5367 7520 7563 3575 6073 1310 585 1419 9462
100 9661 1503 8532 3642 1064 5934 4921 4983 3754 6252 812 8977 6836 5405 450 4179 7298 9892 6701 4027 6026 2956 4308 9025 4846 6781 4917 3418 3703 9178 7584 1668 8489 8830 3135 5678 3561 2702 2691 5139 4673 1361 1783 1805 1039 9427 6267 2437 7222 5408 9217 5415 690 4399 790 1171 1741 5411 7644 306 4457 9406 5586 5793 7288 6731 2394 148 8534 9465 8714 108 4863 3387 6285 5298 8845 9801 8388 4872 8271 9158 5468 4801 9452 3843 8179 8987 7801 4185 7402 5183 4795 2906 2207 2294 1333 9287 4501 3671
100 2520 7908 7145 8154 3771 4777 938 6310 2635 3998 7734 1099 595 7172 6878 9464 5502 2606 7846 2246 2799 2373 1794 6802 3898 1623 8605 671 7080 7593 4007 6512 4731 4373 7888 7395 8415 2805 5752 7951 194 244 8161 9468 10 5592 8776 8781 8505 5406 9747 7337 7218 3641 8905 1188 6552 5835 5535 1856 1232 1633 379 1060 4174 7227 42 8396 6114 2501 8887 9696 3451 4758 1584 1588 3082 6857 694 984 920 600 3345 3619 3940 9219 5516 4809 1493 6042 4754 4236 6100 6047 7158 3248 4884 9363 3391 5830
100 963 9283 1960 8421 198 1224 5528 1551 4237 6912 8401 9058 300 6699 3683 3280 6688 3522 157 3077 299 101 2590 2385 6300 9803 9840 7932 7937 9244 4539 7370 8468 8727 2063 3716 6952 5988 9722 2383 9228 5726 4286 743 5177 5978 5163 5056 6190 1267 8500 2714 5023 1087 8952 791 2716 2050 952 5354 2753 8632 4769 9049 3531 6858 4467 2839 6737 9585 267 2828 2836 353 2376 7926 6174 1991 4631 1517 6989 1831 4194 3385 7560 4772 4652 593 7038 794 6000 305 6883 1341 6500 6735 4272 5032 581 7595
100 2978 1307 2315 6036 2219 7472 5291 5094 4622 7183 4367 3907 7307 6742 2850 211 5942 3928 9993 4227 1098 5504 4067 4333 1798 8147 1202 9062 9031 1432 1042 629 2806 8860 9527 3868 9777 9480 4806 5315 2097 374 2144 9306 5477 5540 2304 1483 2762 9165 6459 3699 6333 9107 7635 5437 9820 1362 4624 899 4659 8336 5998 3015 2669 7663 2760 1365 7096 2449 224 3723 8106 3861 2918 408 2746 8199 693 6830 6756 2743 4638 8809 7835 2641 5939 9636 5459 9184 5606 9740 5258 928 2856 1786 1548 6471 3171 7164
100 7374 223 9266 7025 7963 4597 3497 1412 7460 5429 9179 457 4026 1109 866 1610 7537 9138 7446 9290 3293 3350 1795 6432 7379 978 8774 6598 7536 4735 9091 9633 5740 9770 6804 1640 7003 2575 9051 7547 9067 5896 1983 7848 4543 6365 2940 859 5327 6609 3194 7544 4395 3479 5305 1724 6933 8548 2560 7978 1445 7088 7493 8433 2564 7522 5877 1651 4246 8160 7372 8132 3177 3849 7535 4785 1660 162 2706 6674 4181 8266 5568 5997 6079 6501 7883 9126 7909 9683 6277 543 8745 8397 3234 9264 4988 7858 2707 4490
100 9302 4963 2197 8573 8039 6135 7090 4665 9728 1496 90 6559 4981 3060 4767 5544 1946 9473 5881 9724 6803 2567 9900 5104 8724 1272 2460 2253 582 357 1499 2150 2678 7004 5704 1367 1929 7270 9420 7821 9690 1620 8384 2512 3953 1601 5882 436 5776 2382 3353 9249 6661 2726 3839 2622 9744 4745 2889 6202 3574 4499 1375 7356 883 3485 2263 2697 8423 4030 9798 7773 8157 9700 7071 9946 1291 9045 2776 2608 4621 4944 1624 3779 3751 5392 1780 8043 3322 7974 6381 8921 3362 3931 3990 3793 5239 4324 7570 139
100 3814 4290 7491 2715 8993 1815 5391 4827 3748 657 587 8771 1316 2284 9518 3 1218 4094 4764 7000 7142 5450 1256 5500 9598 8879 414 1905 2958 8744 2475 3694 7954 8258 1426 4043 2330 1789 4753 7715 708 6017 8112 3264 3433 2942 9642 7384 5613 3199 4644 3435 5378 161 2107 2998 8315 3066 8100 6497 4293 1892 9095 8833 5312 5655 1215 9782 1238 4894 9414 966 5517 5386 658 5256 6256 9246 7292 4156 6465 5033 5910 7438 2951 574 5805 5973 373 7633 699 3867 5100 8328 9971 8045 8324 2665 1285 3143
100 7993 2903 1896 4592 9282 2076 9036 4980 4269 6943 606 8021 1054 1485 4775 2054 7565 7250 1865 4520 9153 8898 5937 4817 1417 2131 1635 6217 4068 6227 2080 8024 378 8571 1077 7981 4679 4491 8075 2241 7976 9933 7110 4421 2184 6458 9769 8981 1446 100 5122 1486 5087 1498 3812 2255 3182 5583 4300 5912 3783 7592 308 5783 9510 6092 3572 8511 4411 6721 5402 1356 5792 2900 7863 2515 5054 569 8821 8701 6533 9768 643 2816 1752 9718 4876 8053 5084 8550 756 5372 9972 9119 367 5390 2322 4277 746 7432
100 4473 3380 7334 2718 2250 3634 1004 4126 4149 9322 6652 2086 3510 9831 208 1967 8205 2138 3774 2181 2298 4354 6061 6313 6057 3935 5621 123 5242 392 1065 8481 2945 9070 328 8062 9614 6236 3794 3426 1191 9587 4813 1848 7208 5900 7862 5328 6354 407 7992 7257 2870 1992 193 1293 9258 1033 6891 9125 5252 753 1248 1314 7002 7617 5026 695 3595 2111 6579 656 4097 2215 1933 877 9789 6301 5265 2022 9792 7131 498 9622 9990 2363 483 6820 8390 1870 8427 381 2919 33 8385 6642 6098 2066 625 7610
100 1430 4565 3048 3476 1178 3321 3297 364 4022 1121 1966 1910 7580 5629 2252 6787 7012 2412 4357 3732 3873 4145 1853 9137 6149 4946 4883 461 2609 5447 7518 427 8841 2988 5566 2542 59 7313 7808 884 1834 9029 403 830 9890 8562 22 637 5794 5625 136 3513 497 639 777 3680 7055 2479 4627 1322 3398 9764 2099 9644 7405 4058 6345 3068 3700 7864 2293 4023 8682 7685 8721 3713 464 669 1376 714 5660 9027 5730 1885 3717 303 8061 6911 2881 3979 8123 5485 1772 5797 7571 5714 7486 1736 1821 8706
100 9879 1753 2727 1994 2890 88 7283 8000 3884 5709 6851 6960 1425 1746 9703 3406 2256 7802 4781 1909 1740 5470 1002 9742 9754 3123 262 4928 8127 9943 9270 7534 1023 8247 7121 7840 7651 2010 9713 6143 6558 1265 3467 6035 6271 1130 7266 5989 9784 3411 6234 4159 6367 5438 4091 6053 225 2151 4309 7201 4729 1595 7579 2516 2039 4823 9685 3296 4402 786 844 8864 5719 4990 9071 324 664 2233 7668 7127 8753 9162 1630 2929 6963 8633 5617 8672 3742 6062 4885 5843 4349 5976 5109 8119 4386 4998 1467 3687
100 4419 6812 6983 4582 7600 682 1697 3646 855 6265 9331 5913 1076 2692 3653 6886 8338 3684 7161 5874 6357 1016 935 9201 2244 302 4129 7037 8549 8950 6528 3643 8275 4466 8615 9807 9905 3706 6514 5448 7231 1117 6179 6959 953 584 459 2754 9903 1566 7585 6056 293 6379 3637 5130 4456 2008 9288 8447 5027 8867 7488 6971 9678 2663 7087 1963 2877 4822 316 8948 4289 237 8599 1148 4834 4443 4749 2787 992 1567 8038 1233 6193 2502 7018 3747 4072 8434 2544 5424 8591 7804 4634 3301 8720 8187 4228 779
100 5829 313 38 8136 8733 2531 9170 3638 2778 1969 6882 9018 8648 207 6353 3289 6291 4320 8125 747 1981 6703 3141 9727 8189 3422 1107 7983 1203 3185 3600 6409 9999 6896 7320 3022 3069 3536 6675 1422 8022 2736 4972 4191 1303 4313 2687 6614 4169 360 598 8049 9038 5849 556 3803 7244 642 3370 9787 4706 7876 5701 4317 8504 5645 8054 3161 6341 4319 5641 5344 1546 4626 6245 4017 8420 8197 1261 5489 815 8245 8592 1716 523 9679 9810 1434 3885 1398 6352 3507 9089 4699 9415 1771 655 1140 5733 6162
100 5769 5921 678 417 3862 6140 7479 9229 6897 7263 5002 2976 6869 2251 1560 5595 6549 3596 6588 5585 962 156 1854 2704 3543 7999 739 8115 8598 465 4316 849 7123 5225 1358 646 9005 965 4073 5964 6023 3768 8102 3568 1802 4472 158 4206 1245 3785 8594 4994 44 8814 7022 6577 2392 3745 7220 8999 8535 3008 7934 1500 304 1603 6902 3897 5250 7259 6222 9992 9604 7772 49 750 8393 3145 1193 2225 8883 4275 8051 6415 5549 3116 9739 7454 9771 9112 9441 6576 2338 7854 74 9011 3918 7906 2953 1315
100 5525 7235 1329 1112 1939 5561 5603 9412 1237 4078 4522 7549 1976 3127 2744 6436 9203 1619 5785 2310 3095 620 5750 7828 9929 2113 748 3586 7339 233 4332 6560 1239 8052 734 8095 1021 4596 4961 8797 8483 5694 9629 4306 589 1982 7947 3994 9647 7471 8667 7344 5547 1348 5787 7273 8772 6478 4862 2898 4668 1637 1457 4835 8751 1925 7892 8016 5932 1809 1851 5217 2312 3421 9624 2200 1321 3315 6678 8906 4042 3452 1893 4474 7639 9291 1463 8969 5190 3739 2785 5096 1085 1152 9076 9909 2171 4747 6019 6687
100 9832 2594 250 8617 1424 4662 9715 7101 7409 3518 4572 4242 525 1084 9615 7109 2153 4158 8036 5359 5596 2268 8217 5273 3851 3453 8358 3654 4060 2800 8754 2989 1161 8907 4537 2908 5941 5001 763 2204 6730 7645 2599 6895 3711 5494 9599 946 3778 170 5460 8760 6585 9692 9400 5292 449 9256 6584 7170 9874 7911 8614 2213 5465 6769 4853 1094 5254 6692 2202 3128 8091 1913 3109 8376 7728 993 402 9653 5043 7690 7920 6526 6915 6519 769 8800 6581 5600 8406 5947 7198 9935 2557 3052 7487 9040 807 9605
100 3087 8623 3933 1464 2041 6503 8253 1122 7837 551 5039 6071 1505 2023 2807 1374 2034 775 7515 5127 7181 7662 8055 5681 9332 8013 9037 9882 4816 9980 8466 8490 1621 1497 6980 2435 9886 6052 4176 897 1213 3241 2436 8990 9535 270 1875 5277 6744 5560 7609 3669 1634 3664 5066 9401 3555 4177 8848 5736 8308 7027 3270 409 9319 4873 6782 1350 3515 679 7779 5661 3256 4891 9733 8174 7268 8651 7637 2164 7825 8925 2645 6076 7388 3261 8129 4122 9394 4489 9015 6282 26 2574 1459 9582 5718 5295 3880 4095
100 93 5652 5777 7008 5920 7346 5228 9547 6755 648 3311 8540 6706 5954 3090 554 6990 6600 7106 6116 8330 340 6090 4188 7373 5439 8546 8942 5801 5164 3441 5480 1790 1277 468 9859 9286 9224 6879 3835 433 438 8139 9471 4013 6607 2333 6732 6351 8697 4953 5061 1504 2720 2796 4301 5019 6522 8440 4255 4912 940 4392 5185 1127 828 1462 3094 317 5580 45 3668 2686 4434 1516 8899 6975 8496 8387 8840 3741 8163 6141 2496 7258 2621 8691 7513 1989 4778 7116 6668 1456 8274 6835 2759 8284 6029 6798 7293
100 3131 9333 6456 8896 1816 1142 6240 9509 3253 6930 8777 7072 9918 7207 1577 5383 6232 8656 7841 659 3395 5885 4213 5717 3257 273 8332 636 7413 5987 4135 3246 7546 4003 7988 9835 5983 7287 2199 6303 1826 7333 9440 3772 2017 5766 7955 6133 9459 8470 9477 7180 6439 8568 9382 9549 6743 6711 8287 481 5789 8083 1342 732 3295 3690 7640 5529 1460 5589 6749 6443 1038 2657 9923 3346 9313 1095 668 6620 5095 2234 6182 2006 7099 344 740 4902 8913 550 9081 6953 1053 5510 8237 322 3164 3508 8263 6966
100 6931 6215 5302 5979 2226 2682 4438 6591 528 7245 6823 4039 3773 295 3822 4625 7731 9430 4426 8742 5553 3210 5519 9277 4433 985 2553 112 6008 644 5855 6599 8542 1877 2362 456 2340 4694 4102 1146 7962 3037 1010 5143 4812 3995 8339 4362 1842 9078 2523 6643 5630 6780 3086 607 2355 4403 2671 4517 8398 2723 3372 9161 4123 2582 8320 8711 2878 7816 6220 7009 5400 4130 7721 689 9197 4315 3126 3816 5668 1411 6457 6873 4330 6350 9429 8072 1986 8856 9652 7619 8518 4291 825 7670 7408 6323 275 9114
100 1804 7548 7917 2439 1606 1768 8796 3235 7348 1813 2840 3765 5264 202 6934 5724 1228 1197 5810 9044 1542 1488 253 945 4714 4796 2961 4869 2044 6565 3584 8188 5542 4398 8865 503 6254 7880 3656 9651 8918 6102 2668 7317 9998 6051 2361 1761 8773 3854 3609 9880 5773 229 6487 6613 2750 9693 3303 3727 7005 9100 2306 8565 6847 4268 6575 53 529 515 282 7966 6887 235 87 1705 1800 4774 2357 1290 2615 5926 8901 6596 1014 9542 7718 2217 6570 1225 8299 9200 1808 8495 5798 5859 9121 5430 3073 7442
100 8902 1604 9489 8422 4852 9145 583 5669 7290 4070 7901 2737 3088 7360 7221 9546 4585 3579 8732 4700 1525 1562 3817 7336 9482 6861 8117 6801 4163 4118 3524 4150 4014 2046 55 8528 3707 9428 9116 9476 9243 8200 7622 7280 9273 2351 864 485 3221 6693 3892 4075 616 5237 2354 2324 3976 9772 4569 7380 1810 2264 5619 9834 9454 4339 5202 2685 2002 4938 6218 6263 9793 6266 8690 5174 2043 8707 7085 6846 5754 7066 2049 2638 3260 1482 9590 5083 4143 7979 797 369 3672 6068 3277 5445 927 9677 3764 1125
100 6424 1927 4721 508 6926 8458 2605 2235 2747 8297 3324 7237 8126 7699 3970 9166 3337 2928 7140 191 738 4951 5594 4153 1295 8283 67 4719 6676 2923 125 1996 5145 913 3628 7956 1132 1392 3947 2497 6905 5436 7621 4322 7247 9937 1642 3447 3490 3820 5092 5165 7105 1675 7681 343 8333 7240 5150 9755 9899 1956 2997 1022 9551 5812 9603 6660 7674 7607 1221 3318 5982 1708 3482 9141 8945 9786 2442 8728 9502 2464 1734 3626 5269 5107 6813 411 9919 8325 2814 4672 2721 4136 1593 3093 6198 3064 281 386
100 8144 4530 5211 8710 4663 2624 9443 5498 226 8516 3409 3275 3170 6110 2659 7036 5521 7350 6720 9297 347 7843 3496 1172 6625 933 7706 5971 2424 1970 6371 4844 6825 2959 8437 3844 7401 4837 1187 482 1857 9093 3449 7817 8512 9389 1847 2793 9103 5591 3872 5401 7489 9255 5000 3417 3175 4424 3944 9579 4788 2751 1410 2552 2093 6529 4393 5009 2078 7809 8474 5153 4651 5782 6666 4440 1855 7654 9641 3291 8715 2708 3974 8222 2894 4428 3284 188 4579 2109 3759 201 1951 8699 2831 8665 7952 1073 9580 4967
100 6795 7795 1917 5507 8361 603 3787 1163 9330 9732 8352 9408 7255 9068 5778 1386 7953 8826 7294 2938 1756 8507 6543 4593 4649 7740 6380 6746 4531 5409 5784 2242 1993 7369 5722 4304 2547 1649 8807 3298 5836 1840 9689 6790 5534 9323 6039 1788 4978 2905 3599 3029 4971 3125 9226 448 4635 4783 2137 3853 7059 2853 9072 4446 5022 736 5105 1883 5562 6473 1643 8973 1571 2178 8684 6491 3001 2499 4750 6219 9204 6104 7351 8861 8646 1119 6484 7210 6153 8277 5870 6044 7871 7239 8334 2846 2568 2561 6889 5565
100 2432 5880 3361 1670 4391 4378 17 6046 6671 6088 6204 5220 4019 6466 6520 6784 5117 5271 4222 8484 8653 5551 1733 2452 1024 718 3695 9448 3195 3946 3925 147 266 8654 562 7868 2427 5904 9806 4131 4930 8967 1732 4273 9698 9552 719 611 4905 6587 4848 8652 6446 7326 476 6956 1574 2384 7850 3193 6257 9573 4588 1491 6850 7847 9538 5245 7716 6378 3228 2295 6374 6837 5101 604 9554 6011 7249 2486 2603 8079 3369 6793 4235 5207 1074 4732 9525 936 5966 3475 3616 2453 7744 5161 9360 3927 4970 5527
100 7100 672 6139 2056 8970 4207 6022 3601 947 8184 6028 3216 2965 3493 1101 9375 6085 7474 9026 4384 7157 7238 8441 7967 7806 5554 7627 3269 4224 8116 2725 200 4183 4193 7107 2101 1727 3312 2818 5892 8949 9187 3299 7407 713 1301 3519 7996 2620 2269 9548 3621 8272 9336 5813 1792 6518 674 7138 6509 7682 7590 1104 7616 2948 676 3676 6773 1747 6972 2334 8451 9717 5012 2844 3826 7394 2397 1557 5218 3300 8009 4893 4292 8922 3632 1685 4670 3045 5930 19 4189 4688 7354 1538 6437 4478 6406 7688 7826
100 6463 8658 7916 6653 6690 4677 9939 514 1559 6397 7448 4184 9082 2533 7117 2617 6150 860 1839 9257 691 7599 1911 4408 880 3427 5427 7428 727 7698 3495 9160 8176 2317 7741 337 2003 6262 4560 7973 5909 9236 6909 5887 3316 3281 6372 8538 2993 2309 1090 7332 2650 9260 826 5697 1959 2946 9714 7376 3755 7736 8105 8291 670 4786 8570 6414 6719 8319 6691 2488 1442 243 3336 4752 9564 1599 6274 5230 5361 4103 924 280 1166 4901 9543 3352 2277 8702 4819 3608 3092 2155 1550 3871 1852 2305 7792 1165
100 1371 7212 7763 3828 6855 4381 9669 4214 4550 3027 2885 6817 4742 7971 4079 6610 3856 2538 793 4142 385 6856 5478 2774 3446 7457 239 4081 4803 9594 7429 4974 3530 5203 7362 290 8141 5362 9008 7751 1440 2498 5972 2477 9704 2636 3005 2755 7659 3624 58 4505 7265 2694 7312 6747 1721 2119 6239 7115 9799 3229 1438 6326 2038 5665 8478 5582 1243 8400 8954 8624 5802 4798 8681 1535 5841 4458 9495 1890 2649 2739 3514 2273 9924 4219 1511 6999 9925 9398 4109 8289 8448 4203 5041 1694 2838 5852 6572 4914
100 895 4469 2083 4792 1984 395 4710 3916 8920 3455 5029 6890 1648 475 1949 7494 268 7551 934 9694 2971 5854 2401 6226 5243 898 9561 6064 1565 5688 1415 9860 7502 7182 6452 6187 1850 9189 9969 2314 6877 7410 7412 6864 2459 4450 9995 9344 4270 4251 7459 5004 1029 3560 9763 5229 2701 9190 5337 2187 9245 238 2724 8096 9712 5690 2647 7798 8873 6590 4589 5186 8178 6433 2979 7591 2960 2116 1158 918 4571 8943 9050 3581 9035 3484 4643 8465 6360 2069 1380 9451 6927 2761 6172 5490 8862 8411 972 9390
100 4416 9942 7230 6016 3589 4044 2227 4604 5224 4743 2348 2637 9149 959 5575 533 8124 6067 5426 2611 7857 2221 3119 9581 5106 5744 1534 2688 5657 6604 5339 104 3251 4243 4182 6299 3537 7275 9773 8221 7957 3797 4506 9083 4654 8056 6778 9134 5886 3610 2051 1914 9235 5058 2696 9019 8810 3909 1576 4768 4137 120 2425 137 3184 7941 8912 8375 6080 4666 4032 622 986 8804 9349 8997 633 9519 4751 2931 2000 7135 4547 5274 7505 5272 8763 11 1032 4276 7478 5394 8295 6603 1189 2966 8679 3865 2851 3874
100 8195 8416 5767 8964 4620 850 4051 3948 5917 6770 1324 9945 7562 8019 9384 7589 8073 666 1071 8014 8298 8347 2925 4646 2004 6997 9667 2842 1583 5884 3002 7893 9844 5156 6399 4567 3263 6766 4591 8713 4515 4172 9060 9052 8698 2866 8958 1945 8486 2048 3067 1540 6629 3932 3667 5331 1666 1354 1876 5558 4052 1300 1274 8113 3285 8755 6118 7338 9877 6346 2969 7936 9869 9819 1210 8674 3906 5120 338 6910 4413 2868 6868 9422 3381 1817 7030 296 7980 5270 8286 8255 2057 145 6247 3102 31 5086 3144 8792
100 6288 3394 199 8493 5350 9574 3955 3271 1641 6904 9753 2921 4216 1778 6065 9821 9455 6535 4979 5683 8292 3101 6779 491 757 8391 9853 6270 6941 5711 4160 292 6536 1352 5141 256 8206 7093 6059 9838 4239 5267 8917 823 3204 6582 8050 1895 103 7561 4000 2016 7711 4231 8090 5322 4198 3807 6921 1229 6127 8820 6336 2867 772 7023 1330 1458 8087 5905 568 6309 3010 662 4401 361 6129 1922 8467 3290 7719 4513 5523 4351 3325 6163 6640 5479 5389 9570 7141 7797 236 2088 2491 9915 8822 2540 4423 9723
100 5911 4350 4833 9513 5746 4461 6531 784 3869 2029 3189 3056 6626 7529 4405 6093 2823 9395 272 7620 3097 8311 9362 8409 3775 3945 8011 9087 8688 5763 7359 8832 5160 7462 6783 4540 6063 43 6121 4217 977 6208 2467 805 4676 9296 2025 2684 8539 388 7701 5650 7279 8279 4151 3705 135 9659 3580 2019 1818 9001 248 2847 7416 4544 6683 478 5822 1466 1598 7473 2265 437 6001 1205 3465 1015 4066 6032 3306 3919 6903 3541 8852 8383 7896 7286 4555 3718 3840 8636 2781 2220 195 8285 9569 1407 6405 8786
100 8041 2717 8547 2288 7727 6938 5563 5067 5194 1872 7796 9797 1200 2483 6685 6181 9752 8203 6290 3660 1502 9148 5495 1898 3148 6027 2409 5197 6716 8138 8057 4439 6569 2062 3889 7559 7776 9467 5138 8531 5914 2139 8244 7013 3896 4614 7873 9320 8224 4281 5420 9719 9191 832 7191 6283 3206 2445 8556 892 9404 2789 3949 8991 5850 3382 1714 8238 7197 988 3268 4199 9460 8541 6991 7046 8194 1656 4600 4487 3474 7824 6758 6383 4602 9150 8046 7168 2749 109 3559 931 7496 1487 7152 4725 9758 6611 8933 9619
100 8881 709 1206 4090 5134 9449 560 2999 6049 9350 2513 8577 2365 3076 5938 6402 8098 8996 9396 4976 4412 9092 2429 9186 6343 9805 8843 948 7040 2402 8836 6617 4041 160 1987 2492 2675 896 263 3169 967 9274 6321 3547 4552 8353 415 2163 9387 4899 3230 7758 9930 1337 241 4267 5817 7122 6728 3549 2719 5458 401 6087 3423 3576 5518 3432 9289 2012 6417 1110 5505 8006 4155 1135 2276 4993 7626 1647 3239 6276 5671 7468 6404 1594 9501 5780 4124 7918 6840 5640 4931 6712 702 3445 3841 7665 9065 3351
100 2991 6898 4847 5071 5995 5006 1906 2586 477 3590 1086 829 8593 3588 8989 2112 4737 9612 9670 3179 7318 9809 6738 4956 9115 7875 6186 8825 9745 9686 6355 9888 2974 7507 4417 9885 1902 684 3099 1629 1555 561 5795 9566 7726 2833 4633 9765 3529 5069 5974 9878 8243 4647 4482 7143 1030 6390 7355 7636 9863 6638 111 4684 1217 886 2509 9705 4703 35 6800 8892 5471 2932 9223 1093 7958 6335 6796 8349 4321 8372 4113 2463 1439 2089 3618 3546 9981 2192 5548 4352 1044 6370 8181 804 6700 8812 4477 6994
100 8485 4636 4561 3313 5705 8074 7171 6304 1501 6159 5539 3734 7147 2930 279 3929 8982 9304 5658 1347 8454 7606 4919 5044 3635 463 4460 9729 4910 1092 6723 2654 2352 1389 7655 9104 1564 906 2572 7669 350 5751 8198 7770 7252 2864 7386 5496 7358 3937 6066 2775 3413 9588 5771 1586 890 4868 8407 2188 8259 3740 7262 2267 1027 4483 5653 8625 9558 3565 91 4664 2020 9457 5764 3521 4480 2190 5049 902 9370 8584 4712 5844 9309 4195 4161 5281 9628 1080 4101 9298 6462 2033 5201 3802 9487 9673 7538 4241
100 2423 4204 6177 2368 446 7453 6740 5136 7793 2067 8099 492 861 4829 4389 7104 1280 3016 838 3397 667 7390 1615 5037 5346 9079 7922 1541 2693 4452 218 9818 1971 2809 9180 7588 7229 901 3611 1173 2345 6498 5573 2444 6957 6158 6244 575 1947 788 2985 9583 8450 601 9796 4595 7331 2257 1750 5610 4133 8438 8278 7322 9567 1156 6870 4128 3201 8473 8799 6948 9084 2490 9444 7017 1359 8097 5537 9531 6269 2855 5871 7629 8356 8940 6734 7849 7414 6134 7302 8487 1636 2285 1312 6111 7969 9804 1418 6827
100 2127 9851 8527 8111 2145 9207 5612 502 9780 5816 4671 5154 8988 5759 75 2064 9139 4484 1597 9730 9811 1509 3882 3655 5060 7810 716 8886 8301 5283 1373 6637 183 5895 7703 6513 5599 8419 539 5935 8158 7186 3604 4925 3936 2205 4727 4164 3450 7815 7997 3887 4238 2186 7777 8957 5486 599 8811 5387 1568 2201 6392 2336 5262 1046 4705 6833 8368 1522 2177 2369 7713 7067 9850 2108 117 7692 5856 7904 8805 9839 2416 3799 383 1934 6510 6298 5609 3472 16 9907 5638 3978 129 2871 8750 5578 73 8827
100 3368 1026 3631 3327 1340 3633 2466 9109 9327 5116 4523 8929 6722 696 7495 1006 7335 3233 3212 3168 7490 1738 5343 9403 8939 5472 4038 5827 1441 9611 1244 2117 9311 6932 1114 5636 2819 1611 3104 4738 3162 9982 7095 294 2258 9545 837 5341 2318 8335 5818 1936 9643 2418 8712 7746 5440 4574 3545 755 7791 4029 2849 4609 7381 9940 9117 8405 773 5958 6361 6939 3166 190 3018 954 4266 7748 1209 843 1196 6776 2943 4141 9177 3374 1916 4147 1378 6364 2579 4964 3254 7103 6192 6574 7129 8909 5646 7700
100 2742 9609 2817 820 6020 9431 5907 923 840 4948 9849 9074 5749 7049 206 1617 1552 6564 8010 8220 3801 2745 1143 8628 1918 490 5132 4201 7041 8895 3895 3806 7458 8469 4802 5431 2859 835 6031 958 2917 1844 46 2036 1907 2500 3639 151 3629 6293 8065 613 9926 8503 320 8162 783 3920 2651 7990 1298 6950 2007 9610 5509 6985 8600 7933 6416 8378 2589 6086 1766 9873 6672 6146 9889 6472 7647 6382 1055 2183 4619 41 8071 6170 6530 9716 5149 5963 1725 1745 9871 1602 3939 2821 5294 6707 6142 4639
100 7194 1259 5192 7943 6385 4245 4908 2431 1638 7838 2443 6539 8288 9708 5602 1590 5285 1399 1592 2396 9855 8233 7314 4254 1523 4418 6108 760 2027 2764 8230 2208 8355 5017 5876 9922 5065 3307 4559 6115 6499 8670 6344 6871 5692 3483 2018 4695 6900 1455 651 83 9388 7243 8108 3557 2024 7765 5814 698 2211 3863 5018 2100 416 5035 3791 1484 71 3282 3070 6750 8460 526 2274 4933 10000 9857 4715 5689 7845 3243 3112 2399 7991 9917 4527 1654 68 2271 4132 5021 4889 8782 1743 4104 9493 8890 5901 5052
100 7483 421 1470 390 7444 3846 5715 2662 955 4728 7897 5703 9681 9578 5377 9175 4741 8770 447 7557 6130 4205 4383 1401 3986 5696 1223 2646 9823 874 2135 5013 5379 4655 7202 2886 6828 6974 731 9088 7045 3014 8067 6096 8536 8008 7708 9155 5147 6311 5550 7975 2303 6041 9416 434 6117 2689 2214 6069 609 7925 3923 8394 2934 4861 6258 7970 413 531 3749 7415 2082 5353 8582 5036 5376 8302 6547 5162 781 4623 3192 9057 4173 3926 6033 2406 6225 1118 8847 9345 3651 8250 8248 2804 7624 6248 7267 7173
100 3767 8480 4637 9231 9968 701 5144 5388 4069 8554 3689 6194 7675 8214 3527 1391 8910 3153 2283 4115 5003 7091 6771 764 8463 8583 5515 3074 8657 9921 7985 396 9984 9194 326 150 5860 2548 3823 6646 5720 6205 1796 3762 6767 2767 3964 6250 8017 9261 6467 9532 3390 5879 4771 7514 3252 9434 7254 8191 5193 6440 6893 7803 5948 9894 2768 4740 900 907 847 1384 8747 552 4903 9827 1774 2713 2926 8239 6977 3938 8722 8114 2287 9002 1212 7567 5040 3981 8296 4875 1089 3657 4285 9523 8252 9069 976 4518
100 3075 537 8479 8609 126 6899 9791 1995 9790 4283 3481 8695 5329 1302 2098 914 3255 6347 2829 1644 7891 9637 380 6865 2967 8020 3459 7760 8326 6979 8367 1247 2185 391 6832 5980 1344 1887 5772 8417 8968 5552 4211 5455 4603 7784 6362 9086 4379 6710 9682 5231 2852 3207 1506 8737 2916 8445 242 1903 5579 6089 1942 1864 6488 5716 7775 8382 6145 3176 6224 5235 8874 1998 3593 3349 2328 1944 3274 6555 1679 7269 1533 1363 6595 5444 9956 1219 3665 6573 8612 4429 4545 774 6221 5796 2059 9385 232 2835
100 5355 2440 5215 9908 1369 8218 2378 6505 2240 1379 1147 400 7461 5873 5199 6741 7449 258 5062 3830 7814 7177 9537 2126 6702 2897 48 5903 8976 8327 5140 9425 9496 269 173 3544 8818 7189 4541 8837 2087 8708 6785 8928 4054 8725 8778 6386 8685 3991 6106 2771 5048 7128 921 9413 8201 5626 1832 3471 7108 5499 5449 1932 5712 3864 2478 2009 7497 406 2450 8443 2381 4831 6259 9380 3214 3000 3415 80 4521 4942 7162 130 8281 721 435 205 836 9734 4577 2182 2815 9515 7169 7554 8211 329 3386 535
100 7704 4387 8101 9271 1254 8645 2118 6556 9381 1145 8309 2228 5278 9218 6275 7119 6123 2616 8655 5611 8025 1278 4496 4092 4021 6651 6704 4707 7047 2848 4274 3400 3980 8626 9785 2231 9262 6635 814 638 1414 888 2388 1735 6874 2667 8276 8428 5811 7092 6913 4898 915 3553 6279 8579 6325 3478 2937 5875 3081 2393 7687 6867 1950 6207 175 911 4018 2326 3265 8168 3283 2026 871 4344 3050 1667 9961 5422 5332 8644 9253 9977 222 8472 8497 3578 2272 1468 6060 2554 650 5114 4968 8689 3244 6859 7586 3373
100 703 7155 1150 8854 5742 1797 3434 4287 3585 5647 7308 640 1739 363 3999 5990 7156 9675 9902 133 6043 6203 9021 3111 8936 1335 4858 586 8561 7678 6644 7277 4867 4997 3502 7165 3033 7148 1421 3486 2695 4006 1731 5618 1255 1616 9101 2884 3737 9663 9111 9996 2994 8844 9146 2286 5413 2042 4470 4826 7572 5238 7206 3506 6807 9759 3460 6195 4690 9913 5815 6981 318 1763 939 3178 941 7510 2095 5345 6557 9483 7361 3875 916 5304 1241 5676 5358 6650 8048 287 6906 3556 3240 5324 3272 6261 9142 9294
100 2457 516 3858 6789 6413 6639 2168 8891 5126 1246 5514 8931 9152 4215 2681 1754 6307 3402 2995 1311 9901 7216 6132 6504 5425 8979 7426 1879 5643 7583 2664 3237 5226 2400 6228 9386 9701 7615 1899 2360 2071 9817 9124 9650 9371 2975 428 3463 2114 5031 8395 3983 4264 5786 4503 8791 2680 8459 7011 4843 480 7179 5975 7309 5467 5706 9269 5403 4842 1154 4757 4927 3996 7900 5338 2644 4110 5321 8587 3786 3431 8085 961 6489 2782 9934 1288 4369 1111 7464 6628 2161 8321 7587 2722 2162 5370 6786 9254 3079
100 2524 1199 7780 608 3139 8871 5335 2152 5221 8173 9059 4779 1757 7912 9684 3071 1530 8300 6094 6453 6714 5320 7484 7794 3443 7786 5888 2495 8359 808 6004 4331 8635 8223 84 1828 9251 5129 164 9616 8373 116 9329 4516 8209 4549 3100 2329 6937 7552 99 397 4587 8705 9974 5263 806 1072 4112 7630 442 6593 9347 7236 9006 9407 5255 3789 496 5981 9514 6844 930 3622 1706 488 9039 9866 5970 3378 4365 2254 4404 506 143 2481 7666 6368 1614 6320 834 6024 7539 2658 9120 1395 2123 4247 4590 3054
100 9227 1413 2522 6460 4325 2337 4950 8602 7642 3736 4984 4232 2566 70 8307 4059 9365 3752 6113 2356 9761 419 3760 2534 968 5045 3006 7184 1155 8514 7832 9463 635 4553 1056 8452 9048 4371 882 7149 5831 2377 6342 7007 7712 7062 5168 9090 4260 8069 3259 4529 7132 8293 558 265 9222 8526 3019 4298 5123 4488 1974 980 9815 495 7812 4554 4977 1489 339 5159 2061 3567 6967 9196 9709 2950 4594 3570 6986 8080 1169 1066 7006 3681 1400 3623 8001 1289 5707 5569 505 766 2604 1268 1737 1242 5311 5454
100 549 9875 6470 3677 9293 5574 5845 5673 768 8815 7043 6810 8859 430 7061 6506 185 8432 9862 8183 6724 4230 5513 1618 1822 6592 2756 2860 2090 1669 7927 7829 960 8442 2260 4271 321 647 6358 2371 1639 6682 2773 3691 1881 3308 4962 9836 8305 4035 2914 5330 9951 9953 4397 1216 4409 8003 4886 8953 5483 8273 5644 3714 3709 7503 5756 6447 1325 5348 1167 5524 2982 1799 9171 5698 7895 1070 9343 6696 4400 4048 2327 9606 6641 5314 366 2031 6212 6854 1628 4442 7628 2549 4995 3715 2863 8620 3157 7581
