100 10000
100 8916 8185 1170 901 8490 8968 9760 538 765 5749 5659 9564 7258 322 5525 3517 7781 2172 3361 2751 9515 1541 7720 2280 3084 9880 4686 8379 6404 9553 6618 8008 5940 3705 4358 1649 3972 589 9426 7623 9961 9824 1090 3352 5824 1059 1899 237 909 6496 3855 270 3362 2701 7169 2893 5711 8170 8755 6154 4287 8572 4580 5079 1769 3232 5269 9877 560 6722 8251 503 6558 5524 3891 4163 7290 7553 9451 5279 6251 5434 1195 6812 7724 9257 6391 6354 4070 9830 6726 5458 3563 8658 6966 486 2511 7537 6456 2983
100 3619 4972 7771 46 5573 6891 6690 5869 9800 8605 5504 852 6318 5416 1321 3604 6254 1539 3478 7688 6392 8455 4818 7532 3762 7276 869 6724 7980 7320 5361 2579 3606 7949 2632 2740 4485 7897 9806 5565 9270 2836 7873 5056 2333 4102 5994 3819 8672 4003 9439 8944 8966 4815 260 4363 5709 4926 2442 4627 702 1115 8950 9084 2046 5745 390 8072 8061 7979 7074 5407 2278 6740 6586 9611 8539 4742 5078 9941 9594 9622 3248 8884 3144 1403 4111 781 508 1073 873 2522 6808 8716 9273 9758 553 4149 9804 9531
100 1036 4867 9330 2849 6204 17 4807 3549 9304 6206 8818 1456 220 857 1466 5139 6515 6378 156 664 308 1597 8044 4757 6093 3764 7829 7387 1502 5494 2519 9850 6577 2145 1711 9316 9010 3850 447 1594 9676 7861 7819 9632 1180 3936 3923 8630 5617 4640 7647 2566 258 2481 7315 3040 8333 3929 717 1531 3530 506 1365 8053 7935 1635 2986 7954 8205 8302 8859 7034 5306 9201 1782 5130 7905 8425 1006 2328 9722 6784 1327 7277 8896 5216 1518 4296 9299 2817 1137 1565 6593 4918 2549 3015 9932 8923 2659 4700
100 5559 6463 8247 197 4233 1851 8994 3277 3050 5719 1067 2954 3419 6924 1964 178 8327 478 9701 3416 8529 2376 6310 7631 4228 3859 8111 6725 9161 4885 4737 8652 2210 2457 5999 3880 4620 958 6044 2928 4005 9251 8109 9624 7855 4216 5041 5953 4775 9011 4009 9868 2460 6557 5054 1063 9891 3925 776 7872 7153 4260 1570 6063 1892 5435 7858 4687 4389 4096 3027 2255 3844 8435 6151 1185 6469 8731 9435 3264 9503 2459 8361 7745 8278 7435 1854 4740 1813 1775 1306 2994 940 8555 4484 3403 2987 7889 3165 7805
100 2739 6918 754 3442 8234 2260 9757 6781 8708 8020 3272 7888 6393 4374 1019 7529 8422 64 1791 9458 1045 3733 1344 8010 8370 2339 9923 3778 5492 1148 8179 3884 9300 6992 4397 4208 3675 154 5510 1555 856 7071 1868 6005 388 5977 159 9486 4578 2592 5353 2356 4634 1432 9106 6801 2335 4738 4402 2219 3496 7030 4194 5126 9037 7147 7324 6953 946 1770 6055 5082 5307 874 3398 5554 112 7230 123 1380 762 5857 6448 2251 683 543 5807 2782 9283 9864 4853 4305 9876 9949 6074 1846 2704 7713 703 3717
100 4890 5477 4240 5946 3955 792 5040 8869 6666 3562 7585 1886 7578 2949 2560 5319 9216 3010 4901 3485 1603 207 8092 3181 3199 4816 8328 1953 2492 5840 4865 1225 1739 6679 7151 3192 7658 3918 7610 8558 1095 783 2597 8346 2276 8324 5888 3516 2508 8517 2899 4100 7449 2604 8002 8115 2548 5190 19 4494 9192 251 7065 1029 936 8929 5878 9189 3359 4725 6329 3447 2629 6628 1440 9907 6350 8363 6336 8451 8079 9883 4509 3343 824 1557 1206 9205 7046 9176 7115 8928 898 5832 8952 6117 468 3687 2132 6709
100 5825 1663 3387 4542 9347 2590 4712 5399 7738 8287 9546 7018 6060 3911 5639 8648 8137 1164 8823 5313 1999 6816 9234 2934 7960 5618 1857 4329 8089 7058 2648 6979 4919 3704 7523 4316 461 4450 2396 5184 3745 9732 8675 4949 5043 7135 4299 424 6509 5227 4882 8406 1837 3334 9525 9604 3488 7938 3097 8026 2168 3178 335 8861 5410 9185 7898 7155 7884 1382 3499 5174 7000 3534 7931 1652 6617 1608 6075 4983 4512 4199 2310 5391 8084 2154 3137 6826 7005 1540 6525 6640 6160 9397 6768 1387 8789 1585 3303 6754
100 1215 1497 9998 8960 8995 2753 1566 5312 7299 4167 3812 8452 4761 4204 4705 4623 7654 7509 2906 5046 4937 7886 1308 1969 8403 1323 4448 200 6407 1636 4207 5209 9560 4239 1475 8521 3090 1619 4735 1252 7459 920 9983 8050 3583 6930 9778 4195 4172 114 9048 7676 8075 1820 4564 7660 7112 217 7648 7670 7175 3504 4789 4477 8813 1922 9643 8243 3724 4647 5886 6165 6962 976 309 8625 2713 1052 8198 8725 1714 4665 2094 5720 2324 8762 9791 4799 6883 908 519 9538 1732 3942 5107 4161 3935 7909 4521 3083
100 4456 684 6623 5147 6776 3983 9235 9704 423 7826 2259 3293 2178 9352 5290 4501 3643 6662 1284 6986 7054 4254 209 9617 6240 620 1890 239 6076 2153 3318 8430 8986 4790 1727 3279 8308 5523 7541 2304 8797 4075 5637 8279 3185 419 4085 3080 6519 719 4616 400 9496 3712 8186 4307 2174 570 6616 1706 4214 7148 5345 8706 2237 9319 8474 5949 4427 4231 4435 4860 3897 1369 8816 7987 2116 3128 4314 5590 7416 5261 1196 5722 7269 5710 9386 7047 7421 2504 2689 6820 5291 4751 2972 2779 7044 9076 1601 1867
100 3772 1182 1184 8799 3357 5820 3273 3426 9627 2253 3960 614 6609 795 1553 7161 7053 7464 3481 9241 9583 5030 1224 8507 6056 1363 7312 3910 1505 4253 810 5442 5180 1613 3625 6884 4128 1353 557 7368 6973 4390 9224 4319 494 8197 7247 5822 2273 2569 7140 4022 3501 1381 2368 5568 4575 2022 6008 5988 8865 3660 2392 1044 721 3229 2742 4139 3806 5655 2647 8598 3354 3609 8215 6497 8660 2982 4759 7614 2962 2322 8897 2358 7215 481 7017 9500 8773 3640 7825 4514 2681 3321 8848 8852 8104 2421 8887 3528
100 2523 4170 8744 974 9590 7101 6514 3121 9572 4532 1914 9335 6171 714 6359 9278 1606 4998 5175 1801 3638 1607 9831 9798 866 8081 355 3483 4301 3482 43 7514 2841 2107 3274 5310 5879 1646 1621 7629 8940 739 9371 1874 7570 9518 6696 4238 4610 4191 6394 3779 9662 6071 2515 820 734 1107 1745 1910 5864 7640 3244 312 1486 68 4861 1905 3204 2881 3781 4624 4158 4720 5220 1320 5037 2325 7259 2277 3236 2489 7250 3453 2357 8486 7217 4668 6348 4661 1197 7828 7187 2776 1692 2728 3821 1300 9272 7893
100 6111 2477 806 4631 4613 9227 2716 7394 1764 3593 4612 1366 9375 4850 9091 4377 1590 6997 5237 9619 9986 6560 5801 2362 3636 7574 1091 285 1633 8442 4056 2781 4873 6927 7228 646 724 6061 2957 1310 3329 2228 9405 2235 9684 173 4945 9816 9038 4337 1362 2279 9301 9649 680 3184 6246 6687 6943 1127 7146 8121 6732 7481 6585 4273 9794 3695 3404 396 3315 5587 8556 7313 6859 1545 7209 8886 1413 2026 1927 7799 8586 8942 1936 9196 2388 7323 1804 16 8367 8963 6931 682 5984 292 2991 1849 3792 5915
100 9648 4743 786 998 5974 7961 7361 6770 1609 7362 7846 3209 9277 2405 2989 5772 8202 5348 195 2699 3738 8345 4169 2127 6193 8021 7744 7211 1302 3985 1347 1790 6782 8581 8014 144 7397 7351 6995 2118 8522 6130 8518 6263 4134 3465 7933 5700 3061 9674 3578 6403 5278 8498 6945 3847 4002 7569 8619 1958 9291 2176 7810 240 3038 3310 4910 3108 5871 4852 1373 2894 7651 4061 8919 8711 9808 5163 7274 5802 5029 6809 4913 3644 1629 2252 8466 7028 1318 7338 8434 1160 3758 9511 9342 3207 7956 295 9019 7714
100 5842 2567 6669 4235 1534 5497 7754 6818 6689 7662 3240 9635 2543 8065 3966 5062 8113 3436 3698 4246 7237 821 8791 9505 4878 5406 8582 9276 151 3291 7946 7001 2257 1314 9982 996 7396 9331 1329 7896 9214 3982 2011 505 2379 2865 5623 4939 4641 8013 3577 7080 7653 8254 5203 5440 3997 7543 6797 2935 6283 1375 1392 4550 2830 8678 6630 3832 1698 9460 1584 5514 8165 1007 9730 2224 6382 7533 8697 9306 1337 3008 3990 5987 3070 459 1524 1949 2947 6582 8513 3328 3285 1209 5841 8132 3469 1530 3924 6967
100 978 3205 304 4471 8233 6300 2537 8229 3320 8086 7223 1415 7406 3224 2366 8949 6619 1533 33 4996 2129 7749 9035 4147 6274 3331 7252 4806 1721 6629 3418 5704 8415 5385 9388 770 3613 2926 9428 5727 7556 2218 4863 9026 1835 9875 362 1193 7680 606 54 7075 9729 1676 5108 2077 4101 4357 1326 982 3914 337 3692 9383 6166 6298 5330 4324 2513 2844 4480 1033 5454 1865 5625 3286 5371 3473 7063 7998 6778 2436 3225 4417 9652 9702 3431 5931 8036 5189 6944 6149 6451 1789 886 6376 3348 8811 5274 1839
100 6981 5989 4378 5604 8607 3049 8344 8201 9243 6279 796 8746 4573 1728 709 4418 756 3045 9039 4360 5375 7765 6507 9221 5213 9139 9917 1338 4723 1577 7314 4368 7612 8947 9945 5194 845 4715 9661 1596 38 5415 3189 891 5937 3026 442 5681 4354 9747 7800 6147 6908 1473 7331 3899 4893 2770 1963 2530 826 7425 2633 3769 8421 3193 5729 7301 5244 5257 9450 7582 3994 4452 9725 2538 2869 8663 9239 3509 708 6975 1882 2652 2404 9162 9188 412 3168 3921 4499 4406 3238 490 8116 1100 1977 4577 8778 9370
100 8574 7183 3759 2056 5686 9642 8163 4871 5812 2478 4841 5359 2363 5563 8495 7667 7267 4143 4209 3159 4884 6143 2855 4286 7374 8702 9997 4379 5647 5536 1154 2968 4367 9259 86 6934 5100 4662 1578 7048 8583 1032 5814 3421 9055 4681 7437 9955 5193 3900 1309 4940 2932 2483 6194 6552 6838 9837 5638 8131 8890 1096 1079 2756 2977 8465 9071 6850 3502 9906 1191 6711 7942 2000 2783 9380 1134 9570 6253 6211 4671 3022 5036 3798 9374 8204 4938 6756 5311 8943 2319 4311 6040 9533 3458 8510 2103 1735 7583 7129
100 9425 7142 2871 3849 707 1671 8027 4670 5020 9863 2017 1778 5569 137 2848 9586 4777 9446 8481 8107 2626 1270 2909 6928 7982 1758 3283 2287 1632 4187 8870 6073 6566 8715 1061 9905 6276 6235 8413 3803 586 9147 7011 1487 7525 7108 7531 9193 9467 9413 9469 2476 1463 5033 9036 8941 6478 992 7679 7050 6909 8795 6364 9110 2468 4986 8221 8957 7880 3126 5118 4950 5358 6053 1322 5521 2694 8054 474 7965 1794 1562 6807 3903 271 7127 201 8366 8156 8497 957 501 3299 8269 9903 1474 5673 3875 7498 8001
100 859 7636 7502 9710 9510 6104 3641 397 8646 6259 4660 5834 8068 9478 6304 1772 3056 2674 5115 4250 1996 3454 8427 4066 2524 9623 7721 942 1360 7472 4440 9810 3520 2434 7501 2746 9612 7110 4458 2382 7900 3515 1199 493 5588 6539 1741 1777 443 7196 4148 2314 2650 2414 9079 4997 4776 2348 6851 225 4932 3620 8935 4000 7681 126 6521 2846 49 5258 9466 566 4895 670 2432 2354 7257 1552 722 3017 9284 286 8213 4343 8147 4936 6380 6527 7831 5558 3598 3494 2811 267 5957 1503 7692 5644 7865 9559
100 6751 617 7802 787 5835 5438 8477 4110 3820 7113 8419 3725 8271 767 40 4454 5076 73 42 5006 4768 9408 6338 7635 3440 9838 9834 2937 554 4080 7244 2352 9000 4291 8309 1581 4107 3048 1909 1087 2361 7557 4923 5263 9173 5850 9402 4365 5047 5527 8997 9820 9379 6019 7189 3381 8587 145 5221 7372 8709 7589 4851 9956 8503 871 3260 9753 7060 9498 9377 706 4083 9846 1031 7752 2408 9298 9206 3333 2828 4037 3289 987 7726 3975 4465 2929 2299 1216 9472 1390 9083 7856 5057 2667 219 1150 1203 133
100 8871 2302 4984 3470 8855 99 3550 469 2236 2383 9484 752 8006 3298 2685 2622 7139 132 533 6814 766 7851 3927 7977 636 737 8469 8842 3828 5445 5254 7470 8898 2596 3741 3881 5256 1023 2706 6684 7447 7762 5898 289 8774 1228 3220 9312 155 6395 451 8831 8543 6500 9333 2525 487 9973 4039 8457 5120 6205 1734 5249 457 7128 8998 1568 1528 8824 618 924 9925 2832 3317 8009 4925 5716 483 8359 9911 6550 6138 9651 9607 3938 5444 3250 6281 9534 3382 2824 5661 3388 7286 8338 8938 9886 713 6579
100 6014 839 4702 3760 8169 9313 7219 6195 950 3651 9436 7728 9991 7871 5642 4762 951 1751 4488 4718 7733 6222 8964 248 7477 4073 4929 1129 5906 9366 4197 938 9633 5287 7462 1932 7154 4119 8453 1273 9799 484 6328 8689 6522 5793 3406 9187 6414 7485 5566 3664 5942 2970 4523 9762 931 7939 2449 1520 6108 986 7141 671 9914 9552 4320 2266 4227 3866 5366 1098 2539 4434 2384 6847 608 3032 2576 9155 8441 4439 1873 8979 5754 723 9389 6133 7107 4079 1393 7870 4825 2502 1806 8480 9031 9242 5904 2500
100 2930 6118 3941 6162 3336 4030 2588 2710 8710 3246 9096 5978 2188 3414 9918 745 6398 1576 2672 344 4081 3913 6723 6234 2496 4677 5664 568 9183 4469 7420 9254 8420 1536 5632 9708 6956 8305 9738 8868 9127 7186 7603 7067 968 1038 6796 2561 5240 9985 3288 5232 8975 5381 7682 4381 1246 697 6326 9962 4330 5827 7835 6032 7847 4399 4388 7892 4663 6649 7413 8045 4162 2992 9081 5196 8659 1807 4268 4574 3039 6984 8808 3713 6657 4609 184 1683 8409 6384 6606 5340 3735 8717 555 2484 2151 244 5344 6950
100 3526 541 4463 8250 354 1391 9584 2755 7231 8809 36 7077 9767 945 9271 5556 4654 7265 7907 2870 3094 4922 2861 4348 4266 8397 5851 9392 1707 5351 5630 6492 7597 1292 7753 2517 1400 6410 2201 3182 6182 135 9348 5019 2184 9922 3369 6506 8881 7895 9457 1943 3221 8978 12 2193 6946 6993 5134 813 4372 5247 5059 7264 6584 8273 3815 4157 4748 9654 9440 9361 3445 8318 2812 8590 768 1297 2758 401 5712 885 7707 7086 8398 7554 9279 5225 7177 9102 1077 7969 3351 3632 7379 539 808 5387 6605 8985
100 2663 4781 9912 1412 7922 2430 7288 1822 228 3707 4127 4589 1171 6533 5128 9433 2018 6141 2120 899 7081 3970 3587 2619 1673 5148 3523 4758 8552 9728 1374 9504 2471 8295 3981 7814 393 6461 3813 4062 8377 1718 7307 6825 6067 9180 2433 4155 3346 6599 498 2284 7483 4201 919 8768 8621 8981 583 4067 9994 1453 8242 5683 1446 2736 7431 382 148 2651 3173 3715 1881 6315 9772 311 8056 9317 9128 6896 6591 6152 1288 6947 8277 334 5740 7693 1276 2850 4020 6425 1959 6647 9156 631 6139 6785 5337 5055
100 9244 280 4259 8499 2429 2044 427 4391 9294 2813 1389 4154 3748 2156 3476 4232 2754 4221 7409 194 9345 9087 7544 7441 1450 5583 7003 6029 863 4436 3532 8244 4920 4059 8611 8516 8719 6698 3208 7914 7294 1378 917 2135 2589 7224 9015 1894 3471 5799 3306 7295 2170 513 9815 6225 4303 8573 2036 5619 4087 9873 6710 8300 1443 7309 1640 3873 2880 2490 1852 9677 1543 1916 4517 6334 3484 5567 81 9029 9343 5790 4602 851 9539 7006 1605 7966 2950 1408 2200 7678 8030 6963 6914 6370 2503 3621 9805 9022
100 3568 435 8846 2818 967 4386 3999 7708 122 8819 2731 4138 9909 5150 5325 4596 8562 7668 605 5089 7488 8536 5355 1402 9938 9052 2394 5378 3430 9522 8241 9977 4649 7561 8805 7316 5543 3021 4136 8655 5743 6221 5024 2873 5185 1418 6806 4226 2467 6371 5362 9311 8860 5372 1114 6675 1700 9404 5392 647 4877 9636 7334 7491 4464 2402 9030 5011 5528 4219 948 3349 5874 2149 5267 7098 8396 9289 4855 8223 2852 1793 7070 4328 4212 2474 567 1354 9887 4707 2690 1048 7983 320 4331 8671 1499 9315 4795 7415
100 5633 6832 1462 9784 1556 6828 2311 5400 504 1467 7015 8039 7507 1941 8520 186 7793 7981 9261 7656 782 3685 2915 8184 5300 7419 118 5544 2859 5665 5972 9605 9860 6179 2109 6207 779 6516 9420 8549 5823 9709 8235 6247 2091 4583 2605 9021 1448 8901 9258 6840 6317 4060 6877 1970 8281 8785 9178 1325 1395 4052 971 7178 6857 415 8733 284 5784 4178 4598 4297 4198 291 3206 4813 1298 278 4433 5350 8534 8984 2829 9497 749 2890 6870 4822 3827 2649 6070 7308 4682 2126 983 4783 7234 7665 5354 8145
100 8112 305 7764 9124 2724 9262 1317 9434 5501 9867 4407 7021 9739 4590 3952 2102 4493 417 358 8908 540 9687 2045 7176 1477 2123 2745 4765 4088 3217 2226 6604 4289 2534 4027 5960 7761 187 7143 9119 7497 3327 4749 5695 1987 2796 914 8771 970 1011 8161 4097 9713 9744 3153 6952 7767 686 855 6156 9967 4258 7555 6095 6232 3145 9671 8637 2547 1515 7727 5419 8080 3125 964 1704 7879 6362 5821 2024 5676 6306 6703 2677 4857 8920 5635 168 8261 7604 296 5157 2420 8151 804 632 8827 5025 8276 2020
100 6607 789 1173 1604 1283 3681 252 9523 4820 9357 9049 1797 4124 740 5529 8594 7955 2966 5462 7256 1488 1939 6109 4975 9368 5401 5728 5294 1595 9785 1569 9516 325 1717 3945 6899 512 4064 604 7841 8339 2945 5482 8814 6457 3219 8642 2177 7103 1708 4854 5288 1787 1274 8991 6691 9324 9215 2821 9326 7913 3210 610 1930 4445 8879 8402 9543 9992 7567 4513 6512 2400 6012 7452 2981 5631 7133 1911 1384 8226 8405 14 261 8542 7927 4734 5321 5182 667 997 7875 802 6549 921 4745 2692 2529 6615 6420
100 7212 7746 3452 7560 6018 27 5909 3117 1358 7866 8106 3397 6538 9253 2516 5705 3429 3068 6855 1986 5403 279 4900 4909 1955 864 4750 1860 2027 9137 2455 1666 1780 8673 6772 1186 7238 5476 9175 6504 8294 2743 2313 4121 6788 4122 658 2312 3531 5553 185 8912 2263 844 9190 2793 3800 4236 8191 3719 1819 3004 385 4526 3703 7534 4848 7891 5207 341 1847 8133 3824 7915 1627 2110 3646 2023 3399 2641 4788 6528 7530 497 1821 303 241 7192 5766 1902 1266 6025 5394 738 4736 3525 282 8696 3034 3996
100 7492 6673 2452 4361 4953 7389 4035 8608 8100 9376 7317 5488 2225 8692 5092 6092 2955 9444 1869 6453 6045 7593 7627 1889 5239 2542 1385 7518 1631 5156 3629 1094 3194 8306 1567 5176 9027 1386 1262 7646 9974 4619 2940 1722 8743 8217 3965 6242 218 831 1945 2877 9606 4420 1900 6462 6421 3901 3006 5817 462 2179 5945 5131 1946 1740 5280 6645 8159 5016 7594 9731 5248 3954 5397 1918 7010 546 6386 698 274 8355 4023 7366 193 9121 5246 5413 2636 2387 9199 3183 9340 6016 4635 6529 5849 8810 6479 6955
100 3380 7995 1526 4639 4364 411 2671 5145 6833 2581 5500 6305 6590 1589 9902 8171 1259 9400 8665 4489 3607 7608 2183 5342 6532 4447 3451 3989 6223 5154 5121 2456 4351 1076 9337 1781 3252 9558 93 102 2407 8790 973 4411 9072 4339 269 8003 8508 1111 6087 9845 7451 3905 7626 8821 3284 1841 5421 6746 9120 9787 9223 7562 7241 7429 6982 1917 3747 1620 4004 1648 3143 5295 8830 6142 7195 2052 1422 2646 9690 2660 1255 6873 7399 6575 9492 7078 3486 7619 6889 2238 9851 1305 3761 5124 5741 7306 803 9855
100 87 58 6333 324 547 6215 2897 1407 3241 9285 8011 7456 2662 5685 9743 5983 9783 9869 7705 6429 593 2066 21 4496 13 5298 5666 2134 5641 7069 5965 9018 4323 9591 2618 9970 3807 3420 5698 8220 757 5677 3946 6241 6697 1482 3335 9058 2615 1767 7357 1143 8758 7850 1240 522 3309 1060 5596 4394 4130 8168 5198 6089 8264 1008 2697 5402 6219 6925 3777 9050 1279 3495 8394 4342 5853 1263 5149 1126 5408 9250 4383 5314 858 7536 8298 3783 4089 7780 2810 8570 600 3647 3673 1105 9051 572 846 594
100 5980 9006 8172 51 2175 5838 5015 2536 5896 8600 2839 4077 8882 1128 3858 6792 5696 7812 3007 8934 1455 8531 3373 9915 2997 3171 9263 2032 9942 5846 3618 4958 5002 6146 4798 1406 2087 3950 2917 345 1498 8623 2679 7284 8640 6064 158 3659 6275 4475 4104 4565 6155 5001 4094 6638 189 8471 3085 9209 1965 3041 9669 5222 2144 883 7020 9705 4638 4202 2978 6406 6970 7976 1237 1691 1689 8836 6477 24 2441 6150 1891 4095 9957 1287 2242 1119 5725 7521 3079 7576 44 3540 3848 5035 1796 371 6203 7820
100 3412 9984 3953 5656 6789 4400 9393 6003 4117 8374 3909 4966 4063 480 1135 5000 2288 5191 4074 6375 7795 7458 5724 5066 4614 5021 1954 8676 179 2625 6123 906 8207 6230 8628 8512 5210 6320 799 7275 9131 9638 9080 969 8098 1417 434 771 429 4393 1816 290 2124 4541 9008 8388 7194 8737 6660 1301 9720 6530 582 6569 9631 283 1483 5755 2768 1245 3569 1192 4727 3576 8961 4650 3612 2321 3337 268 7171 7947 2759 1626 1429 3138 2676 1101 4927 4829 6024 6642 1253 8951 4774 4868 4353 3933 4468 8596
100 1315 2617 2627 8535 4344 2583 2428 7839 9134 1639 3654 1912 2336 9647 8263 1774 2552 3974 613 5418 6335 793 5479 6510 7852 6167 5969 673 3074 895 8720 4282 876 1492 5739 4708 9827 3345 5571 7876 131 8291 3545 648 1615 78 9718 7970 8194 5456 8035 9138 9001 41 6865 7414 3341 6939 2510 8694 701 1445 2584 2303 2185 3263 7279 1088 7439 9697 7235 746 4704 7912 6122 4145 5562 5411 9211 9822 6879 9770 3466 4601 1719 3305 581 9615 2083 888 2093 3829 9225 6176 6049 6473 4739 4261 4415 75
100 7869 6085 475 2684 4944 9579 1204 1034 48 6047 7370 6250 3869 4486 3892 314 7229 8146 6936 8867 485 9872 6508 7270 5364 6272 6730 2688 7663 8144 5944 5245 7894 5004 5750 7302 1026 5223 2535 9692 6663 6869 8371 1522 3432 3889 8365 5541 7862 3338 1145 6480 6452 2205 8037 827 2453 6428 3463 5628 1826 7774 6009 5341 9884 1294 8167 6805 7156 8563 5110 3228 7558 9862 247 9210 892 3751 5593 4078 3527 1269 1669 4963 3893 9682 8158 4516 9755 9782 6459 1427 2258 7703 5122 6535 3384 5652 9132 5427
100 9256 8222 4150 8817 9414 3001 2039 8906 5233 8792 509 3461 1484 7304 6307 598 1985 2424 7925 5230 149 5374 6214 6526 7827 3743 7672 6294 1993 9449 8436 5052 8705 2114 9365 7094 7350 5560 2108 8812 9768 3353 6517 1491 4370 4905 9813 5810 9963 3366 5031 3172 8894 3151 9280 9412 9675 6080 7117 3130 705 5007 3650 1504 3854 1725 9667 7404 1000 9508 8546 8288 6323 6935 298 2097 1342 1330 2141 6365 7120 7508 847 3467 8798 5070 2019 3831 6798 4747 9226 9168 9821 3294 6949 3790 5863 391 8718 1680
100 4033 8410 6553 9338 5073 6762 9107 4744 1058 8988 4498 4538 9765 249 9149 3297 816 9399 3519 6676 3233 2643 1730 7673 2858 637 3092 7448 5522 2425 2431 7300 2717 6351 5446 57 4 4796 2275 2888 9934 4891 1495 6346 495 166 4801 7837 2055 3624 4697 528 88 9769 3376 449 5266 7109 8866 297 5068 3270 8260 1377 7500 5761 5368 3590 8669 9958 6181 6006 9157 3480 3877 1731 8032 2763 9363 7860 590 8448 6324 6913 10000 8751 6099 1848 8559 4669 8173 774 8550 4633 9395 4055 5759 7434 5173 597
100 206 4693 2658 4234 7026 5179 8537 5803 3449 3943 2290 9601 3058 4933 2462 9391 6572 4171 3742 6758 2741 657 6854 7581 3902 927 7061 6853 5384 4879 7605 4914 2657 7168 5483 6911 4306 378 7383 6518 2939 9047 214 3599 3537 5515 7036 7344 630 3375 753 9947 2014 1125 1937 3728 1218 8680 3876 1756 4511 4912 3071 2194 3258 4782 2181 6079 331 4503 1878 9447 1256 6164 8588 1133 8783 3365 6266 9432 3158 2573 1895 785 9555 3671 5943 4888 3020 4968 3176 3103 3018 5192 7571 9858 5764 6102 2337 6862
100 47 3340 8845 9009 5626 8601 8246 1765 8320 7400 204 7566 5932 8829 3287 4049 363 3141 9200 4642 8674 138 9926 5758 8274 4606 4058 9034 3443 3740 3734 5913 181 167 3057 8732 979 5127 1264 699 300 8015 1976 128 4595 6977 6090 544 1771 5551 4257 7775 6941 5873 2283 9004 3201 4935 7549 584 1056 1809 9427 5008 2585 2668 4756 4495 7474 3686 1966 5691 2901 6937 6289 9097 8464 1350 5042 9275 5575 6213 1784 7548 5612 1703 25 9995 1116 3584 8369 9443 4769 8930 2815 7360 4054 7367 8670 627
100 3035 5537 2050 7722 4215 5947 6996 3919 5347 8160 8142 2827 4603 3213 5692 8927 3721 1920 2106 9514 7742 6583 4462 4678 1904 2942 7152 2969 317 3572 9680 7369 6098 977 6718 9752 9245 2540 9809 8765 6373 9895 3358 2469 5508 6438 2485 9786 264 9707 3342 6885 3514 6068 8609 3301 4244 4636 8931 7496 7550 6513 4876 5105 1529 1161 3439 6052 9028 4645 6043 1661 1480 5781 5613 8530 7520 9066 5645 4977 7093 4090 3292 530 7999 6422 2719 2364 9726 1296 4664 2996 8554 677 9740 6086 389 3603 5450 7669
100 8492 9595 587 8726 7158 6264 2292 5499 7694 3554 6594 9592 4318 140 2435 728 818 3611 1514 4384 6488 896 8393 2365 2886 357 7376 4533 9565 1742 7207 3674 3750 727 9937 7232 6612 3247 1047 458 7968 9603 5867 4457 2795 6278 4186 2610 5144 1759 8561 9477 1879 111 7043 2159 3000 9742 4502 6627 8754 3120 3392 4976 2196 9430 6170 5471 5547 1824 6106 6238 6643 8311 1516 175 3262 4276 1738 7495 966 1441 6495 2122 7057 139 755 7124 5346 4356 6602 1915 8914 9264 1188 9899 4924 3896 6339 3533
100 2079 8666 4505 6741 7442 5081 6169 2598 9360 6929 1638 1699 301 1490 2609 7335 6958 1866 9844 7082 6483 3105 4098 9556 69 4875 9167 3012 3916 2220 6153 8034 7137 3617 5577 2281 405 1599 377 5654 5420 1831 3147 5620 4886 2792 7088 5861 4510 1316 9074 4658 2860 7197 2117 5167 9894 5187 8616 4803 1421 2006 4746 4741 5992 6331 4728 104 6022 4847 124 387 1753 2557 5532 6332 6387 6976 6548 1043 8736 4683 9117 6678 5496 5484 6580 6369 2814 6319 1617 2088 3319 1685 8636 5363 383 1650 9269 1737
100 9327 2723 5757 5658 4382 7099 3895 9344 9088 4859 4392 8567 2764 3559 6434 1411 2851 6145 5769 6112 6175 6774 7779 5 890 3456 2048 8584 4870 980 4872 8467 130 9898 6423 7487 2115 902 7994 5377 3964 7538 925 9634 8691 2988 850 9551 7545 6337 5316 688 8029 1591 8352 1190 1176 2239 4425 6072 3904 5275 8850 2447 3541 7493 8275 1172 6449 9358 9265 103 6436 4396 2309 8285 5770 7510 3075 7251 932 2057 6795 1657 2466 2306 3489 788 7248 1859 805 293 2863 5017 6545 4007 2033 8714 1451 8347
100 6978 4694 836 7024 3513 4992 6686 5106 4131 8741 1158 5072 3727 8381 5323 3498 8794 3959 5713 4449 6374 6476 1622 2104 4991 2687 7025 5678 1983 6636 1313 8519 2029 5578 7709 3259 2289 1057 7874 602 3894 2726 3871 6793 5459 1729 1501 1120 1265 2316 9384 6144 6216 8150 1618 7798 3886 6444 1687 5103 8077 877 356 9054 1028 7697 120 77 9040 5141 9044 1588 3355 7037 4432 9208 4866 2565 1163 9501 8412 4025 1935 3497 3104 8358 1713 1856 3391 7547 502 2606 2735 1948 6017 3890 2081 1623 8440 1179
100 2125 619 6041 8872 3424 8378 8190 7840 2933 6892 6454 3368 5125 9964 3633 4528 574 6624 5422 8105 310 9177 8199 1479 2128 9207 5146 272 4366 63 6610 4210 2297 6435 4710 9126 2550 1221 2630 3005 5117 8739 394 3521 9628 9295 5968 641 4487 2100 3553 2872 7042 6498 8761 8635 6511 6233 9896 8094 3479 5466 236 8683 1476 6834 6484 1773 8685 1092 6148 8340 6408 9025 8779 3995 1952 4309 4112 8904 7650 4113 6399 1992 5511 3347 5087 9981 733 6034 548 1123 5963 8268 6961 7607 9063 7881 3711 7769
100 4159 2448 1335 438 6127 6959 2879 3140 224 4430 3822 6942 9437 1370 9421 6184 3639 402 2410 1046 7380 6129 3462 1324 4140 4802 6845 8990 448 7486 5250 4539 6871 6587 5961 5837 6799 731 9078 7222 1971 8593 8575 7535 7963 4763 4011 6100 6105 9260 1757 5067 5309 3648 8022 8764 4223 4310 4591 9993 9761 6790 8175 7408 9874 6471 1654 5262 4594 8118 374 1586 9140 1957 1864 1368 1994 5315 6983 8083 7778 7191 2775 7511 2798 7319 7996 332 2419 7424 5703 9557 6325 7226 9166 223 9099 1152 2101 3770
100 8357 4883 454 9665 1690 8387 3860 5238 5129 4835 5545 5286 6829 2373 2773 8124 794 8042 5600 5048 406 1367 5181 1239 9723 6998 2047 6472 4295 1950 1792 4959 9403 1786 3503 2063 3191 3979 8000 3652 79 8700 3367 3962 5926 6721 6313 440 1339 3457 3930 639 3691 1548 340 7040 6656 9082 1109 578 8784 8125 6367 2391 7236 9111 6561 7476 7843 4405 8806 6856 5546 2209 5771 933 601 2148 418 3774 2015 8101 9750 2298 6002 6912 3059 8350 2556 9274 2714 4845 4019 6119 5243 4045 2853 456 8283 9811
100 7601 8873 5018 9116 6736 2965 8909 7885 7993 8638 1434 4766 1003 2546 6183 7285 7921 1341 4519 7345 2221 9396 2698 9231 6270 4313 8999 7405 8856 1907 4559 5329 3546 6011 7494 3254 6901 7398 7145 404 6867 7014 3510 5774 4189 9819 6554 7689 3350 4068 9625 732 2665 2245 8209 349 6486 7917 2472 3386 2347 8734 6159 2450 5905 3797 5367 5303 7433 5447 2809 119 7730 212 5518 800 2268 5813 6848 1668 4836 9456 2412 990 65 6957 4437 9179 1410 2243 4713 92 3570 7836 8874 6933 8461 83 5836 3410
100 6779 7808 446 3378 7166 3947 5490 9589 5753 5053 2623 4659 6366 4917 8401 4561 367 4093 9700 5205 1644 2250 5916 7461 2599 9479 4460 4362 5605 3802 515 999 2948 1744 1853 8431 8602 8895 8099 2577 8063 1357 9600 6739 5694 536 2709 61 5531 3888 8643 2217 7203 972 4881 8704 1972 7517 5386 8007 8265 6917 6849 2637 7390 2294 5763 2293 2334 3529 7834 9033 1223 4213 2030 865 9219 6531 9070 5990 725 8293 370 108 5893 7468 230 3801 2963 2482 6349 2787 5675 3968 8541 4428 9308 5951 8096 1538
100 7321 8203 10 3230 6546 8686 2451 4778 3190 5689 9693 7908 9908 6198 8553 8693 8913 342 8166 9980 5826 1022 5448 2835 2264 7002 2164 6987 4864 1802 5889 3872 6309 8069 1521 3874 2959 7699 5584 7971 4333 2187 797 9853 4709 8296 1069 4784 7559 585 5935 5272 4018 8760 3580 5786 5049 6880 9724 4856 4987 7039 7989 8364 6804 7776 9452 6413 4560 2507 2351 9727 4685 2295 5624 5690 3973 8299 7032 5119 7904 8183 4355 9222 8509 8446 7789 2733 5451 5111 6341 5224 3014 426 7423 3706 6096 9575 23 2678
100 5369 1795 8237 1720 2980 8767 8922 9756 4767 364 2840 4051 4858 5991 8445 4092 2772 1251 5607 7975 4955 3202 1481 413 4791 635 3823 3555 1333 1933 2943 6852 3817 7354 4690 2189 2013 9141 747 1399 8297 5791 9893 7628 6458 7695 1934 6437 8849 9835 6571 7038 2222 6360 6907 306 3379 7794 1130 2389 7339 3161 542 6493 7287 1147 963 2323 1141 2916 3524 9197 6641 9793 4703 7365 3786 6372 5393 4404 8564 6716 6744 346 9351 7253 2927 5738 9213 3016 6189 4772 1716 1544 3836 9878 5748 4508 9246 4283
100 3775 3100 9931 8473 3883 7546 2199 3969 9113 2371 8148 7347 5552 3710 3508 8228 644 9847 3667 8252 5506 6631 4692 4600 952 5332 2804 9429 9683 9482 5805 5598 3816 6637 7864 4065 3623 9385 8620 7457 761 649 511 5955 2418 7853 7084 9802 9865 5102 5140 6314 6685 1102 4729 8604 3372 2211 9332 9526 1241 2506 2121 7859 5615 9056 3591 7645 6330 7475 5875 3278 8826 4812 3304 8187 4247 1763 3928 1372 830 1051 5376 5970 6173 74 9536 640 6442 1118 6347 8617 8212 101 379 2158 399 8888 1779 9090
100 1494 3175 2874 7516 5467 5383 9920 3323 2180 880 2722 316 6218 8041 2191 1755 1523 6443 5609 5549 6059 1018 5648 3548 3597 5077 5844 4811 4808 8139 645 5651 2285 5538 9774 2341 5684 5320 7482 2831 784 9089 4069 4889 6990 5828 2286 1748 161 2231 226 736 8679 5199 8385 3709 9542 9353 9656 2951 5997 1275 7916 7381 6759 1200 4993 2439 6327 8051 9329 3536 5941 2166 4597 7083 5170 3146 4164 9043 616 2910 6523 8304 8839 2227 4308 9563 3980 5058 1183 4628 436 8695 8140 2355 8214 5360 4375 6499
100 2240 8392 1978 6396 5265 3133 8548 7563 7296 7652 2747 2800 4441 9936 8502 2532 229 9041 5833 9483 3226 5976 52 1025 5356 4043 7216 7484 2215 2826 6103 7758 8525 3837 5038 8506 3696 9585 8224 5228 2919 1836 489 1679 9238 9854 5143 1162 7358 6969 8875 1500 2274 3564 7542 5671 7950 7328 6292 7427 1602 4934 5574 5028 1081 1189 2703 6542 6231 8907 3437 5880 9474 8059 1097 3693 9737 6839 472 7588 6257 6895 1670 532 4753 9593 1352 7643 5322 7392 3602 4994 8342 6667 4911 1021 7164 3302 3956 1394
100 2750 238 9929 2995 8095 6556 263 2300 822 7504 4190 7595 2473 2480 7849 3073 9217 6700 1140 759 625 7064 7410 2076 121 1931 716 5973 7637 3917 8362 5928 531 7163 7816 1249 5796 9976 7418 5843 5519 7777 4849 6634 8476 4185 3187 5795 471 360 7188 6426 7551 1883 8463 1592 257 7102 2332 2960 4175 1643 2071 711 5093 1447 9529 2527 9509 2562 1580 993 4643 4156 4206 8721 8728 8395 4431 534 422 4180 6719 2680 1574 5218 3055 2445 3428 1080 4556 5318 843 5883 8629 1662 3771 3605 6536 8545
100 496 5892 4652 6091 1409 8566 6915 7565 4142 2092 1938 8667 7355 8196 3853 5074 1897 6136 1896 7200 2574 3867 8585 9517 4472 4931 4271 9490 2411 8332 2327 3833 9356 6440 5382 3033 912 6115 8450 5091 6864 2082 4166 7255 1398 4719 7706 172 353 4960 8528 2375 4419 7280 7041 3114 3003 5473 1558 897 1082 5027 3222 366 1887 3160 3826 8828 6021 3446 1564 819 7655 4478 6368 4982 9191 2150 1085 3091 7220 2640 4524 8780 3307 1871 2403 4412 208 6540 9610 2631 8857 4053 6388 1078 5975 1506 9818 4800
100 5405 9602 6888 3046 8939 5404 3993 5929 9130 6065 1460 7783 2308 333 5534 9014 1222 4648 441 1004 3676 1861 7105 4076 2889 7162 674 6923 1030 2857 5152 3915 7016 561 4249 7503 9417 8177 7718 7953 5026 4371 8527 476 3493 5952 210 5098 7170 1542 5732 9059 2143 2749 1220 9562 1277 4034 3029 2089 5395 6646 3701 28 7940 1660 5268 6813 2958 254 7854 2655 5715 7932 6383 8885 3237 9660 9346 3170 6027 6598 1388 4429 5985 1304 2638 9530 6810 4570 5285 5616 8759 1181 6706 1611 6861 4168 2074 1712
100 9790 679 3390 4455 9123 5895 7056 1678 3756 9969 2664 7132 5872 5165 6713 2526 7007 750 8993 6186 1254 4177 3937 3656 8162 2822 5860 6397 3464 3290 190 1361 7786 5292 9012 8953 1563 4346 8624 535 8082 6124 2415 3825 7272 5956 9115 6468 2138 7096 3518 3887 1151 6625 2620 288 6481 4828 5373 9309 5998 6905 8962 1908 7173 8055 3249 9989 4278 1808 1511 1688 5933 7246 3697 2186 6705 2025 9230 8606 4084 7214 9287 5084 8713 232 327 2269 3561 2147 1705 7661 842 7659 5060 6110 2900 2393 3023 7698
100 7426 7184 8910 6031 9924 6846 2921 4897 8459 8040 6220 5099 8245 8801 3363 8576 4862 3051 5423 1870 7049 4846 9247 6357 5113 5746 1507 7918 878 4461 3661 1289 71 6172 2761 3188 3931 6699 4621 9367 2249 953 7732 6036 3081 3150 6621 4044 4292 959 558 7330 1159 330 5752 5669 5707 923 7467 5701 1072 662 8983 2875 1 5959 4962 8788 5934 2914 9979 8803 7702 8091 1560 3682 9673 612 1736 4722 9554 2866 4607 2591 773 5491 1962 253 2254 7180 1893 1981 4338 9292 4252 8193 5493 499 5331 1695
100 2990 7375 6293 6030 6236 7910 8491 8019 7130 3148 6083 1303 2555 9527 8462 250 2068 408 1122 5162 5365 7821 6344 1575 1513 5502 4347 8141 4786 5561 3680 4327 9658 157 6823 8822 5674 4529 3491 1083 8136 8724 6157 9288 5787 2360 4115 1724 6062 9870 2979 80 8391 1803 1838 9350 6202 4576 2938 6057 2008 6903 4527 4146 9150 791 8317 9339 2105 9928 8649 3878 7734 9303 518 1349 7984 2142 3808 1810 5858 5653 6752 3729 7499 4474 9146 3566 5161 7625 6321 695 188 6502 7359 790 9302 884 4380 7666
100 9910 8153 3791 4341 2568 8740 870 5627 9776 5061 8900 8729 9424 8905 4536 4695 4764 3423 287 8122 4887 5603 6120 3025 596 9307 5065 3683 5235 6001 7572 8025 809 9069 2426 467 66 5718 1549 4050 9441 975 9485 778 5426 1359 4943 5680 4947 5050 3753 2903 8249 5734 5995 4551 5116 1271 1345 693 3843 6608 7068 8945 4014 2086 2653 1709 5114 2296 5662 3047 6661 6589 9653 368 9249 6352 3377 2708 3757 7126 9133 882 5297 9616 704 5667 1016 9825 9045 5679 8152 3242 7460 6400 2896 1510 3102 7438
100 5255 5595 1768 8479 6199 764 1084 3940 7198 9322 8723 3542 8833 7579 9599 2487 7763 9122 6288 2682 2924 445 9369 905 8188 3313 2162 1726 3627 5034 4103 943 5151 8227 105 2146 675 5200 9100 5202 2602 7568 5921 11 2042 8301 6340 9290 6345 4293 9857 8313 4688 840 2069 3684 8504 2707 8980 3101 6201 8955 56 3234 4133 7213 4334 1674 4615 8058 6769 6734 8793 929 7848 1194 9879 266 9966 2907 2594 4504 988 4398 6890 3511 9480 6991 3112 8753 8937 4165 7986 9198 6048 2645 9817 4608 2711 780
100 473 205 3042 8336 3269 8417 1401 3157 3360 4980 6226 1834 9641 9142 3634 1001 579 6464 2395 3507 7877 4229 6613 4422 9003 5911 5706 1336 4948 9613 5296 5308 4317 5811 7943 182 9171 1099 2157 5780 3810 7471 8603 1014 2291 5289 3961 4667 4680 2113 6051 854 4946 2752 6688 8256 381 4679 3958 336 1248 5760 7735 1346 9248 7371 825 4839 7811 4760 6886 8189 4006 7926 9502 2202 8028 4188 4830 6650 2070 8444 5535 7454 1397 319 8493 6077 6775 1973 3934 5096 4196 9832 8289 634 8110 9101 1672 9462
100 245 2819 4656 3702 5204 9152 3417 5794 7736 420 7403 3616 3444 3885 9927 8838 1817 6322 7473 59 651 8155 127 1862 4553 907 8070 3615 1174 2067 315 954 8657 9890 4248 8325 7085 7657 6000 421 109 2864 8284 1600 2737 8195 398 1875 1428 2381 1452 6588 2315 8323 2801 8687 564 6681 1634 1086 726 2038 6635 9754 7602 8456 9109 4915 1470 1425 6363 255 1811 5855 4716 4241 7469 1496 3490 9372 6897 5640 5487 3251 3162 4618 1144 9900 5138 6101 7782 2233 3755 183 4114 4479 351 6653 8386 8458
100 2016 7453 7634 3295 2078 9489 8460 146 8989 7644 5702 1426 9797 8835 8384 3113 6424 5164 5751 8863 9952 9118 8360 6872 2702 814 7292 7033 5882 9255 4376 712 4691 8341 9023 2399 3581 910 1614 9521 8437 9856 1493 4717 7740 18 8482 6405 1645 5505 8681 6842 5550 7818 5668 7691 8408 2422 5919 2601 6054 6780 7157 9826 9158 3064 769 2002 4106 1089 70 277 8307 2696 7353 1227 8921 2423 1424 1168 6252 7606 3314 7591 949 3460 5918 4793 4581 4899 1217 7817 7739 3455 5682 6565 9839 5370 1517 8143
100 7967 3267 3839 5733 6749 9318 8216 3840 5083 6261 1423 7675 580 8854 6311 1312 9578 9694 2416 2578 2270 1750 8626 3882 7329 2007 775 9341 6191 7641 9354 8500 2463 4416 3257 8472 3433 8074 9840 1535 8544 7857 8969 338 3987 7052 328 1642 3653 8654 5924 2161 9946 9144 8127 9897 2012 2635 7934 9996 7239 7974 1208 4957 3215 3169 2882 350 9655 9164 2705 9409 7440 8650 1762 9093 1478 3030 8356 2359 4046 1042 3749 3425 3585 169 3645 8747 4637 8787 7489 3472 8429 7622 9174 5859 7221 3763 5517 552
100 3339 439 2904 1205 4651 9706 1754 1156 9933 8052 1942 1694 3332 8883 2229 9849 428 1231 4894 1405 5964 9390 5172 2409 8449 6951 8470 3255 3649 4237 7633 3992 3944 3765 8257 6760 3688 6135 4220 1710 4544 6972 6503 6107 9481 655 8644 5132 8066 9637 545 7902 8018 2098 2272 5398 5797 9114 2505 2586 1066 4108 6614 5936 4970 3811 9866 9843 1815 5186 7172 2964 9803 4312 650 9062 9841 710 5901 7833 9281 823 629 8128 3282 3371 955 8752 1121 1005 7022 2317 3393 7490 9105 4954 110 5486 7649 9990
100 8992 7227 5971 5136 7587 8618 9442 5439 3413 6455 1282 7630 8231 125 7944 913 9075 9355 7298 3898 9378 2837 6023 3427 318 8067 3672 6078 3072 3766 9236 6466 8877 1234 7391 5611 4842 937 4672 4973 8270 5650 507 5317 8742 3152 2673 9320 6707 2043 8123 7225 6654 6988 9314 4349 7596 1863 6113 1149 8383 3557 9520 3243 1201 8766 2265 6358 9943 961 5155 4132 5831 2061 1926 4270 9650 1146 7903 2762 6715 6430 903 6677 7952 9734 5234 3726 9736 7788 6353 8411 1017 89 5095 7584 8775 6285 6600 2769
100 2545 4797 7756 8447 2621 1236 5470 6603 8633 7613 4008 3063 3730 4453 4518 2058 5432 5765 5856 3324 6860 1210 8390 3044 3296 6418 5064 6902 8280 6534 4024 6904 45 5260 3856 4535 3552 8973 4714 4387 6431 6280 5540 2883 9524 5142 5051 6433 9535 2320 7899 3325 872 3434 994 1015 265 3690 6494 9401 2488 7844 1928 9745 9092 6163 3275 4193 8423 1244 9194 4555 8727 592 621 893 3227 8578 4701 9950 1444 5908 4182 2806 7887 9703 9691 3400 6277 7106 7327 6731 687 6742 7539 6737 5775 9921 7443 9581
100 8334 6555 3589 8078 860 7291 562 833 369 7201 2060 6297 1281 6244 7747 5958 1571 3078 3862 9587 3200 6237 2119 5461 6738 1074 164 7564 9453 7 9668 98 2902 5586 7066 9751 3556 6702 7349 8120 8661 1307 376 2816 1979 3052 2475 8454 407 9506 7407 3699 5876 3405 242 5789 6611 652 3863 9904 9095 7204 8974 5328 2898 1027 3223 8750 7336 8936 2413 4322 4646 5465 7624 294 5013 812 9935 1430 3565 7111 7700 8262 1213 6290 4160 5183 8956 4040 8807 2398 4302 9465 8925 9549 3096 8926 4470 6916
100 1877 3261 1449 681 4123 5379 2845 302 9547 4770 8707 4990 6131 5610 801 5809 742 3111 6570 2369 5777 8880 1960 9232 482 5455 9381 8632 8368 2035 5273 437 450 5865 4491 7991 5576 7845 2195 2160 7988 7125 2440 2520 2267 6683 4892 623 1328 85 39 6803 2247 9077 661 4482 2642 227 9812 1106 5388 4345 5881 4906 8954 7072 7519 8494 984 5723 3401 3506 6342 2612 8911 9836 9717 628 7620 7262 8071 2346 9172 4814 1355 488 4251 5338 8547 2329 2920 7092 7598 9796 2825 741 8488 7958 5894 3311
100 3312 4809 5962 5464 7343 8389 1677 7830 6269 9763 5485 6639 4144 8802 622 4546 1461 3196 9721 3124 9204 8060 7009 2738 2936 373 9971 527 8745 4706 4038 463 2171 3231 2571 2616 517 7218 6837 1233 5903 6881 8076 479 8878 2998 1155 6004 5428 965 8093 1818 748 7318 7838 4269 8946 3009 1624 4585 8468 9394 7717 1093 8612 1788 2377 5847 5581 1332 6822 2062 9889 3011 7382 6717 7768 7412 5917 3326 2544 7023 7278 1696 6088 55 8876 4126 1681 9065 7972 2495 6894 6097 8316 3626 1906 1420 5804 1760
100 4904 403 7524 9582 1136 326 3276 6898 563 599 2580 8703 8533 9406 1068 2491 307 7978 1165 772 2385 3579 7832 2204 7114 9438 4941 177 5197 1226 2946 8958 3663 2669 7842 5264 7785 7737 4304 76 4956 2918 7027 6415 8932 7506 935 384 4655 9382 7616 3002 1637 6490 5063 8645 7004 1975 3122 3767 6296 3054 1823 4403 2767 9061 4490 1009 8048 9240 6537 2208 9359 934 3805 5923 1437 3739 9792 3013 5075 7031 4562 1697 2163 2075 4832 3408 3316 6714 9 9297 2155 5907 9067 7741 918 7377 1131 7190
100 3116 660 1799 8664 3655 3658 1110 643 9195 989 1012 7772 6827 35 6692 5443 431 8851 6467 7723 6302 3670 1647 3864 6132 2600 8959 7311 6385 2343 1211 1124 8557 2207 6674 2794 9528 537 15 4203 170 6668 4016 7686 3475 2139 1616 2582 7445 6763 2073 5845 6028 5153 551 7787 7325 203 8176 1431 1062 5548 5513 3134 4048 299 7911 8815 4965 8382 6830 6474 9948 1419 8182 8157 6066 4942 5670 4409 1041 5862 9959 3468 7073 9639 5437 6033 5304 2925 7664 5208 1551 6802 7116 3967 5086 5986 9229 5495
100 6227 7527 1364 9532 3787 1153 4467 7823 3245 3949 6900 911 4805 1924 5032 1002 4571 1469 6439 8414 2820 3067 6128 7341 53 985 8893 6786 8432 9266 5160 760 4352 8540 4481 6125 9629 4421 6965 8514 8373 1746 6209 3082 8102 100 5555 1723 3211 2010 1112 8248 1464 8376 3799 9789 6544 9775 4921 8571 8433 4369 1537 2080 9182 9892 7051 1845 9328 1439 8627 2003 6595 9094 4032 5744 113 3773 1884 6445 5003 4424 7202 1340 5212 4395 4211 9882 2349 2570 3784 3474 5852 7281 8103 1238 2072 3235 2470 8825
100 3814 3560 3818 95 7029 1207 4817 8038 106 215 7803 1682 347 2350 6121 9960 142 1383 9614 4874 3558 4530 9944 6626 7719 7131 8622 3614 5112 2725 1509 8701 3088 8200 7599 7671 1379 6212 425 1142 1546 5478 9814 6046 9885 8286 5899 2789 8639 6926 7393 3167 9017 5782 4838 1214 5217 9407 3835 904 3926 5776 6748 5767 9771 6659 3154 3804 9596 3977 2765 9580 9852 7936 5166 4217 2518 3998 8348 7751 4321 7822 9488 8004 231 3845 4274 6547 1396 281 2607 5433 5123 5498 3865 6082 2887 9293 5981 4630
100 8738 8965 4021 5742 432 8786 9630 4476 2386 31 9228 6267 3716 4263 5409 7243 6755 5277 4294 2443 34 1733 8996 5717 9861 4222 8180 981 6038 8976 6446 3487 275 2748 523 9268 2953 1913 962 930 1982 4673 615 8840 1278 1844 573 8088 3768 1472 4013 6217 4837 3477 8219 8538 8272 7890 9999 4951 3677 4552 8889 3163 6563 2464 343 1573 2854 9666 9108 5925 5090 5954 2095 4689 5870 6416 3149 7150 2675 8769 4082 8138 8343 9541 3868 1053 2730 5352 1311 9748 2587 6597 7929 5214 3438 1747 1561 8712
100 3737 4520 8756 1766 5188 2345 4265 6750 9597 6256 6190 2374 3794 165 8314 4267 743 1968 4047 1260 8948 4907 3978 4988 1175 4674 529 6229 5339 6356 5602 9537 5489 3411 7962 2417 9321 676 3912 4785 2009 3575 5299 3951 5211 6922 2533 8569 1997 8568 4964 3666 2509 7428 7906 1929 7948 691 1827 1039 4549 9679 211 4733 2037 1984 5714 8057 6379 5663 1830 6712 730 2732 6470 5010 3164 1656 9712 9698 352 3195 8892 3330 9151 6447 6381 6576 5503 4176 6441 700 9848 3098 50 3266 3066 3571 3522 575
100 4653 3256 6450 8438 1070 835 9716 1167 3268 4438 192 6887 9373 3538 2340 5094 1065 3179 7210 7322 5242 5634 9940 7790 160 3920 1752 9013 7240 2406 4579 7104 8130 453 7444 2805 115 5900 6985 2797 9459 29 6876 430 7528 6058 7701 7233 7342 4537 1665 1138 8097 7261 6197 9495 7748 5788 6291 8016 9540 8282 6971 1901 4978 8134 5572 2799 5912 6655 4810 97 8924 216 2353 556 3395 8047 246 117 9567 5594 4012 2390 1166 1554 2683 550 7478 5601 5785 8770 9512 1468 84 5390 9323 1261 7920 2771
100 6693 4483 6794 4001 4834 26 2941 7167 5201 5088 3834 6390 4288 6882 8487 1202 7012 2305 1693 995 4726 2908 8656 4569 2461 9807 7677 6680 5449 2803 8592 5231 1944 6489 7801 4721 8126 2984 8902 2973 689 3957 5815 7683 9871 8443 9779 6858 1898 9422 2307 20 1040 8853 4833 5452 3846 798 3547 4724 1701 7992 7621 3344 6592 5507 7326 5897 7809 8862 5539 3322 520 5885 1582 4290 3838 1947 5818 1229 1280 4572 7919 8722 416 8475 5591 5930 6863 6745 5646 8560 991 6622 7386 7388 2059 2528 1268 2944
100 7573 6039 4413 5902 191 1485 729 4028 549 2031 9042 2563 7303 6042 2167 6308 8337 9576 4666 365 4466 1641 4754 6180 4605 9145 7297 2190 3746 2198 8267 7293 8073 2727 4242 9419 2786 3265 5848 5171 4804 6140 569 3166 2760 6573 3441 8218 1840 5158 7346 4451 162 6670 4908 2712 4916 4335 5672 1659 4732 8426 5614 744 2967 9252 1331 2330 2785 9801 6766 1334 1783 1242 5429 6694 3785 2734 2564 5414 1049 2695 7480 7526 9218 2974 6601 9085 2458 9714 3544 5938 9057 8501 5284 5564 4952 3708 8230 213
100 7305 5334 6178 1299 1980 2493 7401 2614 817 1776 6174 3543 5453 2282 758 3932 4091 2923 3389 143 668 5657 8987 9494 7282 4072 2049 2034 5104 7463 6482 2922 5582 7450 5430 1858 5687 3600 7019 4135 2301 6596 4029 4869 6682 3736 8917 2952 6728 5597 8918 8017 72 2326 3963 96 7806 577 2111 7165 9024 1454 1178 5914 8266 9696 9759 5996 3142 4543 9112 2912 1702 1457 2437 6559 3601 510 8049 6989 8820 7937 4557 3586 4105 6800 4325 3723 4985 1010 8781 9463 2838 6137 2628 4625 256 4332 6541 2223
100 2876 8565 7632 5009 7796 1800 1925 2862 1559 1351 4974 6409 234 9454 8489 887 6578 6224 9833 7076 5608 9766 8915 7729 3988 1285 9233 7815 8903 460 9237 8315 5424 4116 6158 9777 521 8688 1212 6299 2884 3700 9470 1872 692 8891 452 1117 6708 7348 8206 7095 2788 3906 9445 6412 5085 6185 1991 9788 222 7590 7378 9475 4315 1267 9431 262 656 2096 5854 5475 1442 1139 8682 9566 3991 4534 171 8749 4099 433 559 6919 4506 8647 8610 4359 6273 9169 7512 576 3635 3567 6765 5195 6432 5839 6295 2868
100 8380 9953 5509 837 838 6747 196 718 276 3657 392 9032 879 3448 7160 1876 8322 2715 3087 8232 7639 6652 1376 3239 2624 2559 5693 5629 5335 1805 8832 9005 2216 8239 5910 9773 6192 5271 9621 4285 6771 9573 6520 4599 626 5431 4041 1064 1024 313 455 2331 4586 5333 3069 8407 6487 4731 1459 3861 4755 2498 5819 5735 9795 1247 8312 3500 611 7773 915 9220 642 5109 5979 2634 4930 3782 5516 321 7242 9733 5226 8843 8424 9741 1961 7867 7179 7575 862 3197 9663 9468 6094 3107 7957 2791 4794 2700
100 4826 9362 5270 6644 6835 2693 1113 1833 163 3214 3718 3631 9002 465 6303 4340 5302 5887 7090 5236 67 5579 853 9267 5005 7455 926 5301 4350 3752 3077 5457 2784 8012 5877 6208 6260 2051 4961 514 815 4010 941 6783 5219 2244 9098 7710 8164 4326 6948 4971 7045 669 6568 1243 9461 329 4604 6874 7959 1885 8303 4779 82 9007 9129 3060 6743 410 9672 2691 8653 2173 4611 2891 4492 7923 9664 9823 136 5948 3922 1967 2169 2203 4568 8330 5580 5215 9165 9154 1343 8211 8310 6844 2847 3364 2040 4410
100 9561 595 2661 9746 8847 9020 1655 1572 5592 1855 9881 4898 3795 9519 3714 2004 3118 8597 4173 9398 4151 9685 37 6968 6271 9987 894 1527 4272 7384 5460 3281 1829 94 5441 3596 7479 4507 4787 492 3119 571 9735 7144 4593 4262 8416 2558 8524 7540 3879 1598 2802 9598 9577 7928 1798 8087 4563 4547 7289 1054 3106 1525 2380 2001 464 9153 3622 5520 7552 4531 6819 4676 8580 9550 5044 259 9749 5327 3135 3109 889 4525 5830 7062 3131 4497 6026 5417 9988 4385 2593 7432 2248 4773 6 3019 867 5737
100 7122 7804 4730 1532 2808 1037 6787 7181 3031 2499 2192 1257 3136 5023 4459 9695 6258 3608 4031 9699 1169 9715 3665 2575 591 4152 9499 2338 6543 1132 6187 3694 6999 3123 6824 9901 2531 2065 9975 9202 5022 9184 715 8579 4120 5472 9618 4086 7868 2214 7402 8259 6355 1471 9711 2261 3127 7770 1903 3720 9646 150 5621 1436 2084 881 8982 1550 6841 4979 3731 2446 922 3628 1547 7159 4275 1612 2028 9913 8404 7807 3789 7715 7118 4840 5829 6843 1579 3588 5806 2985 7638 2246 444 3203 5708 6081 3830 900
100 7945 4423 7436 4473 4118 2131 3793 5468 6564 1593 1956 2856 5012 7997 4558 1108 8329 4442 6287 5570 516 5178 588 4999 3271 4969 1348 9334 9645 414 8253 4902 1888 9416 7863 1433 8772 2099 7711 3796 4617 6921 3744 7395 1921 3356 2501 2931 2085 7205 9411 2686 6757 3394 9325 735 960 4903 90 2905 6791 2521 5816 4545 2976 8484 1940 5736 2234 5768 8326 2611 4548 7337 4995 4880 4622 9764 6878 7352 6753 6632 2112 9842 3099 659 4336 849 3156 3036 4137 4500 1828 4414 2438 8899 7791 5585 4657 7618
100 3 2729 7268 5071 5726 7716 2720 2182 1319 1232 7515 3450 4443 9073 6704 751 2541 5533 8977 777 1458 4141 3086 4515 624 6282 6811 4588 6567 1785 5396 9186 7245 3402 2744 2021 9678 6134 3780 8800 2613 8351 4243 477 3370 9418 654 607 5259 5080 8064 8428 5469 3093 5891 3407 4821 5747 6729 4192 9513 7617 848 6228 6402 1055 666 1071 1508 5412 6114 4540 2999 1850 5778 5939 7332 5927 8135 1667 2212 7750 2370 6013 3539 4184 7119 235 1013 4200 1583 2262 9644 1919 3573 2005 6245 8255 8614 500
100 5474 7522 273 8240 6255 8174 3976 9060 7924 6821 5305 5251 5343 6475 4224 9455 6940 1923 4989 6316 2608 5730 4255 7055 8178 7985 9781 5229 2639 9423 4582 763 3280 9286 3971 2230 8046 5982 7089 3492 1416 4792 6411 7824 62 5039 9968 7100 1286 2833 1050 9688 9296 5773 3037 1664 1880 375 8837 3732 2136 6262 5866 7465 5622 91 9016 6200 7263 6658 9568 9336 6491 1020 2444 2842 2911 2397 2867 8192 8595 7784 5101 1998 8668 6665 7466 9160 2595 4522 4554 9780 7615 2654 7882 4446 944 7684 3852 176
100 6126 2372 7755 9310 3594 2256 9574 6015 6893 5697 1489 8353 2206 8589 8599 2241 174 7642 1235 8757 3637 198 7333 5606 1258 3630 7766 8777 5357 2342 3459 2553 7138 8834 3669 153 7206 60 4752 3180 1684 9548 9364 233 2878 2318 9569 720 7283 6672 9282 395 1272 841 1103 8613 3028 8577 9930 7079 2757 1686 6994 1625 8483 3610 7813 180 8033 8439 6505 7260 4444 6620 8690 8796 8154 5636 2 5177 8662 4179 638 9888 9473 7743 5808 5800 4698 1630 6427 9410 1519 9136 2774 6875 9305 8748 5481 7254
100 4675 5436 8515 875 6524 3409 7725 9659 4819 5159 6284 7417 2165 811 4632 7760 9086 1749 6701 1177 665 9829 9978 5389 8119 6777 6562 6964 1842 6648 7199 2427 2834 4587 8844 6767 9689 696 2777 4298 4592 5688 6286 4426 339 7310 5643 3415 6020 2514 1250 6177 5281 947 3582 4057 7757 3218 3841 4036 4401 9916 2401 7973 9954 3809 9939 7600 5884 2551 8400 9507 4205 5649 5699 5253 6932 6866 8730 7951 243 3435 1743 152 7134 7712 1414 4280 3053 9544 5526 5530 8804 1990 7696 6633 7364 2644 7174 9828
100 5966 7964 5779 6764 9349 6007 4567 6817 9464 2232 7356 5512 8551 5731 4125 2465 4174 5168 6735 6910 565 134 7930 8208 9163 8005 6831 5756 3385 1404 6248 6485 4071 8319 6168 7266 8763 4026 9493 2137 7685 2721 7422 2479 5097 8117 8967 807 3986 7592 6069 7577 4823 2892 5868 3300 8631 8651 5336 5660 8699 6664 9686 5380 6377 8236 3689 3592 4109 524 6727 2766 4684 1675 8375 8181 1075 5137 1974 8108 1832 4230 9609 7586 5324 1290 8290 3870 116 1814 7792 8149 3024 939 7013 3908 3842 202 5589 8372
100 633 8858 3115 323 1104 4566 6720 5798 2975 1219 3851 9064 8031 672 8023 359 4408 7759 3177 7373 1761 2497 1465 6243 5792 2971 3754 9681 7731 9545 372 9487 690 7385 7580 4042 7674 928 6773 3396 1951 2053 6460 2378 6836 1035 9415 4017 5463 1628 6010 2961 7505 8641 348 9719 1995 8971 4584 3662 6037 5276 1825 2344 6249 2718 2666 3668 9053 6417 9608 829 7609 8292 3939 491 5890 2956 7097 525 7797 8399 3095 6401 2780 834 9104 6050 3535 8354 5721 5206 4928 9046 8782 4699 4780 7690 8634 2454
100 2843 4015 5069 6651 5920 2486 9670 3857 2913 8485 7411 5283 7193 3198 3308 2670 7182 5783 8972 9135 8677 8841 4183 1295 4245 2603 6301 386 3089 7271 3132 3155 4284 1293 4843 3679 4644 9143 916 7513 8523 832 3174 6960 8478 8090 6671 7687 4831 5014 3383 3129 1371 8043 4129 6868 5326 9387 3186 221 6980 4153 7091 1587 2271 1658 653 199 6938 5557 1435 8335 5993 8258 7136 5542 2494 6196 7087 2197 1651 6116 6465 6084 2885 9448 3374 147 1157 5169 8210 8532 9588 9471 2572 8114 6695 8505 4373 6581
100 129 1230 4264 526 8735 4626 4256 6954 9919 7704 609 7008 8615 5762 9068 4696 4771 8129 4279 6265 3110 5241 5252 3076 2790 9657 4281 6361 3678 9626 9170 7273 7941 9965 32 9640 6239 380 6389 6161 678 1653 8024 6906 2064 685 1512 6501 7883 2895 5922 8684 2807 868 2823 3907 8776 30 9620 466 7340 5045 141 3505 6188 3551 3948 663 9125 2367 5349 4277 8418 5480 3512 9491 2993 8864 8496 1291 6920 2041 7878 2054 5282 956 7185 361 4844 8085 2130 7249 1715 3642 9951 1812 4981 1843 1989 6551
100 1610 7149 3062 8349 828 22 4967 470 8591 1198 861 5293 5967 3595 2213 3043 6343 9212 9476 5950 6761 7990 8238 3776 7446 5133 2090 2512 107 4827 7430 9203 3216 6974 7363 4711 694 2554 3984 9859 4300 1438 3065 3253 4824 4896 603 6210 2133 2140 6733 8331 9181 4225 7035 8321 6419 7901 2152 9148 7059 6312 3788 5599 7121 8526 7123 9571 8698 7208 5135 3422 2778 409 8225 1356 1187 8 8970 8933 3722 6035 3212 3139 6574 7611 8511 6815 9159 6268 8062 4218 4629 3574 9103 5425 1988 9972 2656 4181
